0.04409302567428256	0.9559069743257175	0.4559069743257175	1
0.01055660471587304	0.989443395284127	0.48944339528412695	2
0.082497161219362	0.9175028387806381	0.41750283878063804	3
0.08133016860894729	0.9186698313910527	0.41866983139105274	4
0.12928393422162568	0.8707160657783742	0.3707160657783743	5
0.0803528102434584	0.9196471897565417	0.41964718975654164	6
0.09059616006585498	0.909403839934145	0.409403839934145	7
0.14045379288367899	0.859546207116321	0.359546207116321	8
0.09864333266125033	0.9013566673387498	0.4013566673387497	9
0.5781460416320564	0.42185395836794354	-0.07814604163205643	10
0.23140397939562382	0.7685960206043762	0.26859602060437615	11
0.08822085549408741	0.9117791445059127	0.41177914450591263	12
0.05926226778211294	0.940737732217887	0.44073773221788703	13
0.04524082565491146	0.9547591743450886	0.45475917434508856	14
0.1209442254480597	0.8790557745519403	0.3790557745519403	15
0.07100109370012196	0.928998906299878	0.428998906299878	16
0.07908013906693798	0.9209198609330621	0.42091986093306205	17
0.16943355316350672	0.8305664468364933	0.3305664468364933	18
0.1472719418719122	0.8527280581280877	0.3527280581280878	19
0.03221350813428598	0.9677864918657141	0.467786491865714	20
0.07033521372021366	0.9296647862797863	0.4296647862797863	21
0.15080605554675783	0.8491939444532421	0.34919394445324214	22
0.06482035764124149	0.9351796423587585	0.4351796423587585	23
0.05690260937561618	0.9430973906243838	0.4430973906243838	24
0.08837088403381252	0.9116291159661876	0.4116291159661875	25
0.34745454493472233	0.6525454550652777	0.1525454550652777	26
0.18488772024082925	0.8151122797591707	0.3151122797591707	27
0.13230970818676094	0.8676902918132391	0.3676902918132391	28
0.06717505800305383	0.9328249419969462	0.4328249419969462	29
0.08897067757394521	0.9110293224260548	0.41102932242605483	30
0.15224263829702797	0.847757361702972	0.347757361702972	31
0.1277724066589714	0.8722275933410285	0.37222759334102856	32
0.19421001362623974	0.8057899863737602	0.3057899863737602	33
0.024045648473105693	0.9759543515268944	0.47595435152689436	34
0.11896648157954891	0.8810335184204512	0.38103351842045113	35
0.13728149521740518	0.8627185047825948	0.3627185047825948	36
0.12925663387665215	0.8707433661233478	0.3707433661233478	37
0.08776144346653952	0.9122385565334605	0.41223855653346053	38
0.05037930016627359	0.9496206998337264	0.44962069983372643	39
0.5578436235998522	0.4421563764001478	-0.05784362359985218	40
0.06914170953219428	0.9308582904678058	0.43085829046780577	41
0.06592524471905194	0.9340747552809481	0.4340747552809481	42
0.19510083817804996	0.80489916182195	0.30489916182195	43
0.009204132250600737	0.9907958677493993	0.4907958677493993	44
0.045407004362296464	0.9545929956377035	0.4545929956377035	45
0.045407004362296464	0.9545929956377035	0.4545929956377035	46
0.03174475925868093	0.9682552407413191	0.4682552407413191	47
0.02581413459535543	0.9741858654046446	0.4741858654046446	48
0.09217051804938382	0.9078294819506162	0.4078294819506162	49
0.7241903025552642	0.2758096974447358	-0.22419030255526418	50
0.1643966612406013	0.8356033387593987	0.33560333875939874	51
0.1338226335975793	0.8661773664024207	0.3661773664024207	52
0.3998269335674783	0.6001730664325217	0.10017306643252169	53
0.24495095951708656	0.7550490404829134	0.25504904048291344	54
0.17841764222377005	0.8215823577762299	0.3215823577762299	55
0.0377483629628499	0.9622516370371501	0.4622516370371501	56
0.029580503301669617	0.9704194966983304	0.4704194966983304	57
0.20368722073939827	0.7963127792606017	0.29631277926060173	58
0.2425888074587484	0.7574111925412517	0.25741119254125167	59
0.4596242154198395	0.5403757845801604	0.04037578458016047	60
0.6538281393382851	0.34617186066171496	-0.15382813933828507	61
0.5868953612373562	0.4131046387626438	-0.0868953612373562	62
0.2190882885104081	0.7809117114895919	0.28091171148959193	63
0.5083708495183643	0.49162915048163575	-0.008370849518364282	64
0.6506823750369455	0.3493176249630546	-0.15068237503694545	65
0.06931021470707711	0.9306897852929229	0.4306897852929229	66
0.731427893262297	0.26857210673770304	-0.23142789326229696	67
0.7070112298081611	0.2929887701918389	-0.2070112298081611	68
0.37137132914747956	0.6286286708525205	0.12862867085252047	69
0.2843754296976331	0.7156245703023669	0.21562457030236692	70
0.2910963120458998	0.7089036879541002	0.2089036879541002	71
0.5291375821707012	0.4708624178292988	-0.0291375821707012	72
0.07714755929197327	0.9228524407080267	0.42285244070802674	73
0.3786544326285145	0.6213455673714854	0.12134556737148544	74
0.7042556667720414	0.29574433322795857	-0.20425566677204143	75
0.40119788394901507	0.5988021160509849	0.0988021160509849	76
0.4097425588647802	0.5902574411352197	0.09025744113521975	77
0.559314755156623	0.44068524484337696	-0.05931475515662302	78
0.40066085929907214	0.5993391407009279	0.09933914070092786	79
0.29307800281044283	0.7069219971895572	0.20692199718955717	80
0.3240347206855898	0.6759652793144102	0.1759652793144102	81
0.5024703446701648	0.4975296553298352	-0.0024703446701648257	82
0.37214882322626075	0.6278511767737393	0.12785117677373925	83
0.5762445192979949	0.4237554807020051	-0.07624451929799492	84
0.697009867334941	0.30299013266505903	-0.19700986733494097	85
0.748385473855798	0.251614526144202	-0.248385473855798	86
0.4513825982615582	0.5486174017384419	0.04861740173844184	87
0.587190531455128	0.41280946854487194	-0.08719053145512803	88
0.6449119999243059	0.35508800007569413	-0.1449119999243059	89
0.7335684489230381	0.2664315510769619	-0.23356844892303807	90
0.19377879281330393	0.806221207186696	0.30622120718669604	91
0.34544656420539005	0.65455343579461	0.15455343579460998	92
0.5918013226844959	0.4081986773155041	-0.09180132268449592	93
0.20636261693837754	0.7936373830616225	0.29363738306162246	94
0.7052879322049762	0.2947120677950238	-0.2052879322049762	95
0.6867108447674751	0.3132891552325249	-0.18671084476747513	96
0.7159783712029922	0.28402162879700776	-0.21597837120299224	97
0.6586047794227673	0.34139522057723265	-0.15860477942276732	98
0.30854629379405707	0.6914537062059428	0.19145370620594288	99
0.6948114233009051	0.3051885766990949	-0.1948114233009051	100
0.8091058869380628	0.19089411306193713	-0.30910588693806285	101
0.6505810269809374	0.3494189730190626	-0.15058102698093742	102
0.7800933244167751	0.21990667558322485	-0.28009332441677515	103
0.4766167249407783	0.5233832750592217	0.023383275059221692	104
0.29891664326350287	0.7010833567364971	0.20108335673649713	105
0.7107196962978929	0.2892803037021071	-0.2107196962978929	106
0.5368040978520485	0.4631959021479514	-0.03680409785204855	107
0.7256343489907473	0.27436565100925264	-0.22563434899074733	108
