1.000000000000000000e+00 3.937185919412552332e-03
2.000000000000000000e+00 1.409848432450577782e-02
3.000000000000000000e+00 5.169334367064194746e-02
4.000000000000000000e+00 7.558419093907150534e-03
5.000000000000000000e+00 9.051583250847674428e-03
6.000000000000000000e+00 1.348904375723264208e-02
7.000000000000000000e+00 1.807421859428357327e-02
8.000000000000000000e+00 2.109054246134543439e-02
9.000000000000000000e+00 3.102690374176595919e-03
1.000000000000000000e+01 2.635585202477121886e-02
1.100000000000000000e+01 3.289591627803084561e-02
1.200000000000000000e+01 3.988797307342498155e-02
1.300000000000000000e+01 2.273461929822370373e-02
1.400000000000000000e+01 3.548062912404905539e-02
1.500000000000000000e+01 2.942920820499182050e-02
1.600000000000000000e+01 1.736979033369069961e-02
1.700000000000000000e+01 5.687403828316847133e-03
1.800000000000000000e+01 3.169043072833542529e-02
1.900000000000000000e+01 1.173882591800900869e-02
2.000000000000000000e+01 3.053625825161034035e-02
2.100000000000000000e+01 3.833789650819059008e-02
2.200000000000000000e+01 3.516728422283752886e-03
2.300000000000000000e+01 2.734210475385762812e-02
2.400000000000000000e+01 2.448483699808602296e-02
2.500000000000000000e+01 3.415749067952653789e-02
2.600000000000000000e+01 4.716301202746986387e-02
2.700000000000000000e+01 2.273461929822370373e-02
2.800000000000000000e+01 4.716301202746986387e-02
2.900000000000000000e+01 2.448483699808602296e-02
3.000000000000000000e+01 1.230977256866243146e-02
3.100000000000000000e+01 5.713532187372954985e-02
3.200000000000000000e+01 2.540421187740627557e-02
3.300000000000000000e+01 3.548062912404905539e-02
3.400000000000000000e+01 3.833789650819059008e-02
3.500000000000000000e+01 3.548062912404905539e-02
3.600000000000000000e+01 3.169043072833542529e-02
3.700000000000000000e+01 1.340114456871641803e-16
3.800000000000000000e+01 1.954046556820215885e-02
3.900000000000000000e+01 4.933368640437360564e-02
