1.000000000000000000e+00 1.472272316795537883e-03
2.000000000000000000e+00 1.923891674173670505e-03
3.000000000000000000e+00 3.249944590313996740e-03
4.000000000000000000e+00 3.559621687221469627e-03
5.000000000000000000e+00 2.996919924406784425e-03
6.000000000000000000e+00 1.132092734003723811e-03
7.000000000000000000e+00 1.193782644203632498e-03
8.000000000000000000e+00 2.782990586029356929e-03
9.000000000000000000e+00 9.619459064765470023e-04
1.000000000000000000e+01 2.155728361435524289e-03
1.100000000000000000e+01 2.034974480528137838e-03
1.200000000000000000e+01 2.996919924406784425e-03
1.300000000000000000e+01 2.434217961133215355e-03
1.400000000000000000e+01 2.996919924406784425e-03
1.500000000000000000e+01 2.434217961133215355e-03
1.600000000000000000e+01 2.597676544031205220e-03
1.700000000000000000e+01 1.725297143069943681e-03
1.800000000000000000e+01 3.249944590313996740e-03
1.900000000000000000e+01 2.996919924406784425e-03
2.000000000000000000e+01 2.434217961133215355e-03
2.100000000000000000e+01 3.958864766908863110e-03
2.200000000000000000e+01 4.521565928347759736e-03
2.300000000000000000e+01 3.298394427568222104e-04
2.400000000000000000e+01 2.155728361435524289e-03
2.500000000000000000e+01 2.996919924406784425e-03
2.600000000000000000e+01 1.635730949808293384e-03
2.700000000000000000e+01 1.551596442092038897e-03
2.800000000000000000e+01 1.551596442092038897e-03
2.900000000000000000e+01 3.958864766908863110e-03
3.000000000000000000e+01 2.597676544031205220e-03
3.100000000000000000e+01 4.352922746095707522e-04
3.200000000000000000e+01 3.249944590313996740e-03
3.300000000000000000e+01 2.434217961133215355e-03
3.400000000000000000e+01 3.958864766908863110e-03
3.500000000000000000e+01 4.521565928347759736e-03
3.600000000000000000e+01 2.597676544031205220e-03
3.700000000000000000e+01 6.857944704256279967e-18
3.800000000000000000e+01 3.249944590313996740e-03
3.900000000000000000e+01 3.249944590313996740e-03
4.000000000000000000e+01 2.155728361435524289e-03
4.100000000000000000e+01 3.249944590313996740e-03
4.200000000000000000e+01 1.923891674173670505e-03
4.300000000000000000e+01 1.821045056239707855e-03
4.400000000000000000e+01 3.958864766908863110e-03
4.500000000000000000e+01 5.483508365351379144e-03
4.600000000000000000e+01 2.597676544031205220e-03
4.700000000000000000e+01 5.483508365351379144e-03
4.800000000000000000e+01 2.782990586029356929e-03
4.900000000000000000e+01 2.236594302006178134e-02
5.000000000000000000e+01 3.958864766908863110e-03
5.100000000000000000e+01 5.483508365351379144e-03
5.200000000000000000e+01 4.521565928347759736e-03
5.300000000000000000e+01 3.958864766908863110e-03
5.400000000000000000e+01 3.958864766908863110e-03
5.500000000000000000e+01 2.034974480528137838e-03
5.600000000000000000e+01 3.249944590313996740e-03
5.700000000000000000e+01 3.958864766908863110e-03
5.800000000000000000e+01 2.155728361435524289e-03
5.900000000000000000e+01 1.258342863870091314e-03
6.000000000000000000e+01 3.958864766908863110e-03
6.100000000000000000e+01 2.996919924406784425e-03
6.200000000000000000e+01 2.434217961133215355e-03
6.300000000000000000e+01 3.249944590313996740e-03
6.400000000000000000e+01 2.236594302006178134e-02
6.500000000000000000e+01 3.958864766908863110e-03
6.600000000000000000e+01 1.725297143069943681e-03
6.700000000000000000e+01 3.958864766908863110e-03
6.800000000000000000e+01 2.236594302006178134e-02
6.900000000000000000e+01 3.958864766908863110e-03
7.000000000000000000e+01 3.249944590313996740e-03
7.100000000000000000e+01 3.249944590313996740e-03
7.200000000000000000e+01 3.958864766908863110e-03
7.300000000000000000e+01 3.559621687221469627e-03
7.400000000000000000e+01 2.236594302006178134e-02
7.500000000000000000e+01 3.958864766908863110e-03
7.600000000000000000e+01 5.483508365351379144e-03
7.700000000000000000e+01 2.236594302006178134e-02
7.800000000000000000e+01 2.236594302006178134e-02
7.900000000000000000e+01 3.249944590313996740e-03
8.000000000000000000e+01 2.236594302006178134e-02
8.100000000000000000e+01 4.521565928347759736e-03
8.200000000000000000e+01 5.483508365351379144e-03
8.300000000000000000e+01 3.958864766908863110e-03
8.400000000000000000e+01 2.236594302006178134e-02
8.500000000000000000e+01 2.236594302006178134e-02
8.600000000000000000e+01 2.434217961133215355e-03
8.700000000000000000e+01 2.434217961133215355e-03
8.800000000000000000e+01 3.249944590313996740e-03
8.900000000000000000e+01 4.521565928347759736e-03
9.000000000000000000e+01 4.521565928347759736e-03
9.100000000000000000e+01 3.559621687221469627e-03
9.200000000000000000e+01 3.249944590313996740e-03
9.300000000000000000e+01 3.249944590313996740e-03
9.400000000000000000e+01 2.236594302006178134e-02
9.500000000000000000e+01 1.635730949808293384e-03
9.600000000000000000e+01 4.521565928347759736e-03
9.700000000000000000e+01 5.483508365351379144e-03
9.800000000000000000e+01 3.249944590313996740e-03
9.900000000000000000e+01 2.782990586029356929e-03
1.000000000000000000e+02 2.236594302006178134e-02
1.010000000000000000e+02 5.483508365351379144e-03
1.020000000000000000e+02 2.236594302006178134e-02
1.030000000000000000e+02 5.483508365351379144e-03
1.040000000000000000e+02 5.483508365351379144e-03
1.050000000000000000e+02 5.483508365351379144e-03
1.060000000000000000e+02 3.958864766908863110e-03
1.070000000000000000e+02 2.782990586029356929e-03
1.080000000000000000e+02 3.559621687221469627e-03
1.090000000000000000e+02 4.521565928347759736e-03
1.100000000000000000e+02 4.521565928347759736e-03
1.110000000000000000e+02 3.958864766908863110e-03
1.120000000000000000e+02 4.521565928347759736e-03
1.130000000000000000e+02 5.483508365351379144e-03
1.140000000000000000e+02 1.397238129956847449e-03
1.150000000000000000e+02 3.559621687221469627e-03
1.160000000000000000e+02 2.236594302006178134e-02
1.170000000000000000e+02 5.483508365351379144e-03
1.180000000000000000e+02 3.958864766908863110e-03
1.190000000000000000e+02 3.559621687221469627e-03
1.200000000000000000e+02 2.236594302006178134e-02
1.210000000000000000e+02 3.958864766908863110e-03
1.220000000000000000e+02 2.236594302006178134e-02
1.230000000000000000e+02 2.236594302006178134e-02
1.240000000000000000e+02 5.483508365351379144e-03
1.250000000000000000e+02 2.236594302006178134e-02
1.260000000000000000e+02 2.236594302006178134e-02
1.270000000000000000e+02 5.483508365351379144e-03
1.280000000000000000e+02 3.958864766908863110e-03
1.290000000000000000e+02 5.483508365351379144e-03
1.300000000000000000e+02 5.483508365351379144e-03
1.310000000000000000e+02 4.521565928347759736e-03
1.320000000000000000e+02 2.236594302006178134e-02
1.330000000000000000e+02 2.236594302006178134e-02
1.340000000000000000e+02 2.236594302006178134e-02
1.350000000000000000e+02 5.483508365351379144e-03
1.360000000000000000e+02 2.236594302006178134e-02
1.370000000000000000e+02 2.236594302006178134e-02
1.380000000000000000e+02 5.483508365351379144e-03
1.390000000000000000e+02 2.236594302006178134e-02
1.400000000000000000e+02 5.483508365351379144e-03
1.410000000000000000e+02 2.236594302006178134e-02
1.420000000000000000e+02 2.236594302006178134e-02
1.430000000000000000e+02 2.236594302006178134e-02
