1.000000000000000000e+00 1.941865979422121614e-03
2.000000000000000000e+00 1.506975792742340330e-03
3.000000000000000000e+00 2.231347074857962555e-03
4.000000000000000000e+00 2.943340006656242416e-03
5.000000000000000000e+00 1.941865979422121614e-03
6.000000000000000000e+00 4.495181020507803792e-03
7.000000000000000000e+00 7.115689739747643044e-03
8.000000000000000000e+00 2.943340006656242416e-03
9.000000000000000000e+00 4.127486755289363693e-03
1.000000000000000000e+01 2.650897678686455275e-03
1.100000000000000000e+01 2.082217761296041754e-03
1.200000000000000000e+01 1.178719324434466751e-17
1.300000000000000000e+01 1.809315648853060182e-03
1.400000000000000000e+01 2.474128526302831962e-03
1.500000000000000000e+01 4.702728479118440871e-03
1.600000000000000000e+01 5.779884768108191091e-04
1.700000000000000000e+01 1.188464394286501856e-03
1.800000000000000000e+01 2.560875977123028974e-03
1.900000000000000000e+01 7.785512948751126565e-04
2.000000000000000000e+01 5.181386441156979501e-03
2.100000000000000000e+01 4.304255855904317793e-03
2.200000000000000000e+01 2.155617155888368483e-03
2.300000000000000000e+01 3.844335850199604582e-02
2.400000000000000000e+01 1.042239341091732822e-02
2.500000000000000000e+01 3.962918653091819510e-03
2.600000000000000000e+01 3.399062493559979348e-03
2.700000000000000000e+01 3.160334246059811735e-03
2.800000000000000000e+01 1.941865979422121614e-03
2.900000000000000000e+01 3.664368071104011446e-03
3.000000000000000000e+01 7.801894113521579480e-03
3.100000000000000000e+01 3.962918653091819510e-03
3.200000000000000000e+01 8.207699608198667585e-04
3.300000000000000000e+01 7.115689739747643044e-03
3.400000000000000000e+01 7.370669038406994214e-04
3.500000000000000000e+01 7.801894113521579480e-03
3.600000000000000000e+01 1.874670207514723443e-03
3.700000000000000000e+01 3.049370433675358243e-03
3.800000000000000000e+01 3.160334246059811735e-03
3.900000000000000000e+01 3.664368071104011446e-03
4.000000000000000000e+01 7.801894113521579480e-03
4.100000000000000000e+01 3.399062493559979348e-03
4.200000000000000000e+01 1.941865979422121614e-03
4.300000000000000000e+01 2.841822903686718263e-03
4.400000000000000000e+01 2.390425480926992516e-03
4.500000000000000000e+01 5.780844311283455002e-03
4.600000000000000000e+01 8.769043930788080962e-03
4.700000000000000000e+01 4.127486755289363693e-03
4.800000000000000000e+01 4.930070982856695275e-03
4.900000000000000000e+01 6.583428000457245029e-03
5.000000000000000000e+01 6.148538352171208261e-03
5.100000000000000000e+01 4.495181020507803792e-03
5.200000000000000000e+01 1.042239341091732822e-02
5.300000000000000000e+01 4.495181020507803792e-03
5.400000000000000000e+01 6.583428000457245029e-03
5.500000000000000000e+01 8.769043930788080962e-03
5.600000000000000000e+01 2.155617155888368483e-03
5.700000000000000000e+01 4.930070982856695275e-03
5.800000000000000000e+01 2.560875977123028974e-03
5.900000000000000000e+01 9.521036257287683212e-04
6.000000000000000000e+01 8.769043930788080962e-03
6.100000000000000000e+01 2.155617155888368483e-03
6.200000000000000000e+01 3.962918653091819510e-03
6.300000000000000000e+01 6.148538352171208261e-03
6.400000000000000000e+01 5.780844311283455002e-03
6.500000000000000000e+01 8.769043930788080962e-03
6.600000000000000000e+01 3.844335850199604582e-02
6.700000000000000000e+01 7.801894113521579480e-03
6.800000000000000000e+01 6.148538352171208261e-03
6.900000000000000000e+01 3.844335850199604582e-02
7.000000000000000000e+01 6.583428000457245029e-03
7.100000000000000000e+01 6.583428000457245029e-03
7.200000000000000000e+01 1.042239341091732822e-02
7.300000000000000000e+01 7.801894113521579480e-03
7.400000000000000000e+01 5.462333193241142477e-03
7.500000000000000000e+01 4.702728479118440871e-03
7.600000000000000000e+01 7.115689739747643044e-03
7.700000000000000000e+01 4.304255855904317793e-03
7.800000000000000000e+01 6.148538352171208261e-03
7.900000000000000000e+01 8.769043930788080962e-03
8.000000000000000000e+01 7.115689739747643044e-03
8.100000000000000000e+01 6.148538352171208261e-03
8.200000000000000000e+01 7.115689739747643044e-03
8.300000000000000000e+01 4.930070982856695275e-03
8.400000000000000000e+01 1.042239341091732822e-02
8.500000000000000000e+01 3.844335850199604582e-02
8.600000000000000000e+01 1.042239341091732822e-02
8.700000000000000000e+01 8.769043930788080962e-03
8.800000000000000000e+01 1.042239341091732822e-02
8.900000000000000000e+01 3.844335850199604582e-02
9.000000000000000000e+01 3.844335850199604582e-02
9.100000000000000000e+01 6.583428000457245029e-03
9.200000000000000000e+01 1.042239341091732822e-02
9.300000000000000000e+01 1.042239341091732822e-02
9.400000000000000000e+01 3.844335850199604582e-02
9.500000000000000000e+01 7.801894113521579480e-03
9.600000000000000000e+01 5.780844311283455002e-03
9.700000000000000000e+01 7.801894113521579480e-03
9.800000000000000000e+01 7.801894113521579480e-03
9.900000000000000000e+01 1.042239341091732822e-02
1.000000000000000000e+02 1.042239341091732822e-02
1.010000000000000000e+02 3.844335850199604582e-02
1.020000000000000000e+02 3.844335850199604582e-02
1.030000000000000000e+02 1.042239341091732822e-02
1.040000000000000000e+02 1.042239341091732822e-02
1.050000000000000000e+02 1.042239341091732822e-02
1.060000000000000000e+02 1.042239341091732822e-02
1.070000000000000000e+02 1.042239341091732822e-02
1.080000000000000000e+02 3.844335850199604582e-02
1.090000000000000000e+02 3.844335850199604582e-02
1.100000000000000000e+02 3.844335850199604582e-02
