1.0	0.0	0.0	0.0	0.0	0.0	-0.16666666666666666	1
0.0	0.006695352126371861	0.993304647873628	0.0	0.0	0.0	0.0	2
0.0	0.9934212916878745	0.0	0.00657870831212541	0.0	0.0	0.0	3
1.0	0.0	0.0	0.0	0.0	0.0	-0.16666666666666666	4
1.0	0.0	0.0	0.0	0.0	0.0	-0.16666666666666666	5
1.0	0.0	0.0	0.0	0.0	0.0	-0.16666666666666666	6
0.0	0.0	0.0	1.0	0.0	0.0	0.0	7
0.0	0.0	0.0	0.0	1.0	0.0	0.0	8
1.0	0.0	0.0	0.0	0.0	0.0	-0.16666666666666666	9
0.0	0.0	2.5778893814458096e-15	0.9999999999999974	0.0	0.0	0.0	10
0.0	0.0	0.0	0.0	0.0	1.0	0.16666666666666666	11
1.0	0.0	0.0	0.0	0.0	0.0	-0.16666666666666666	12
1.0	0.0	0.0	0.0	0.0	0.0	-0.16666666666666666	13
0.0	0.0	0.0	0.0	0.0	1.0	0.16666666666666666	14
0.0	0.0	0.0	0.0	0.0	1.0	0.16666666666666666	15
0.0	1.0	0.0	0.0	0.0	0.0	0.0	16
0.0	1.0	0.0	0.0	0.0	0.0	0.0	17
0.0	0.0	0.0	1.0	0.0	0.0	0.0	18
0.0	0.0	1.0	0.0	0.0	0.0	0.0	19
0.0	0.9764648744747758	0.0	0.023535125525224184	0.0	0.0	0.0	20
0.0	0.023535125525224184	0.06232527134006746	0.9141396031347084	0.0	0.0	0.0	21
0.0	0.0	0.0	0.0	0.0	1.0	0.16666666666666666	22
0.0	0.0	0.0	0.0	0.0	1.0	0.16666666666666666	23
0.0	0.0	0.0	1.0	0.0	0.0	0.0	24
0.0	0.0	1.0	0.0	0.0	0.0	0.0	25
0.0	0.0	0.0	0.0	0.0	1.0	0.16666666666666666	26
0.0	0.0	0.0	0.0	1.0	0.0	0.0	27
0.0	0.6602261327073415	6.432899834778047e-16	0.33977386729265785	0.0	0.0	0.0	28
0.0	0.9999999999999998	3.066158436214296e-16	0.0	0.0	0.0	-1.4095206449399712e-17	29
0.0	1.0	0.0	0.0	0.0	0.0	0.0	30
0.0	0.3174265956772096	0.6825734043227905	0.0	0.0	0.0	0.0	31
0.0	0.0	0.0	0.0	1.0	0.0	0.0	32
0.0	0.801617962925213	0.0	0.19838203707478705	0.0	0.0	0.0	33
0.0	0.9593118398609899	0.0	0.04068816013901006	0.0	0.0	0.0	34
0.0	0.9372809213511697	0.0	0.0627190786488304	0.0	0.0	0.0	35
0.3176629157606495	0.6823370842393506	0.0	0.0	0.0	0.0	-0.05294381929344158	36
0.0	0.30538801939077376	0.0	0.0	0.0	0.6946119806092262	0.11576866343487104	37
1.0	0.0	0.0	0.0	0.0	0.0	-0.16666666666666666	38
0.0	0.0	1.0	0.0	0.0	0.0	0.0	39
0.0	0.0	0.0	0.2419595873284948	0.0	0.7580404126715051	0.1263400687785842	40
0.0	0.0	1.0	0.0	0.0	0.0	0.0	41
0.0	0.0	0.0	0.0	0.0	1.0	0.16666666666666666	42
1.0	0.0	0.0	0.0	0.0	0.0	-0.16666666666666666	43
0.0	0.0	0.0	0.0	0.0	1.0	0.16666666666666666	44
0.0	0.0	0.0	1.0	0.0	0.0	0.0	45
0.0	0.0	0.9999999999999828	1.717734262091841e-14	0.0	0.0	5.185710128586275e-18	46
0.0	1.0	0.0	0.0	0.0	0.0	0.0	47
0.0	0.0	0.0	1.0	0.0	0.0	0.0	48
0.0	0.9238132632916801	0.07618673670831962	2.832557830728444e-16	0.0	0.0	5.98888941781468e-18	49
0.0	0.9451522632667945	0.013842262343828399	0.04100547438937714	0.0	0.0	-8.0953762212251e-18	50
1.0	0.0	0.0	0.0	0.0	0.0	-0.16666666666666666	51
1.0	0.0	0.0	0.0	0.0	0.0	-0.16666666666666666	52
0.0	1.0	0.0	0.0	0.0	0.0	0.0	53
0.8627318392730166	0.13726816072698333	0.0	0.0	0.0	0.0	-0.14378863987883608	54
0.0	0.0	0.0	0.0	0.0	1.0	0.16666666666666666	55
1.0	0.0	0.0	0.0	0.0	0.0	-0.16666666666666666	56
0.0	0.0	0.0	0.0	1.0	0.0	0.0	57
0.0	0.0	0.0	0.0	0.0	1.0	0.16666666666666666	58
0.0	0.04938491304044571	0.9339441684465349	0.01667091851301929	0.0	0.0	-2.8912057932946786e-18	59
0.9824630192159693	0.0	0.0	0.0	0.0	0.01753698078403061	-0.16082100640532312	60
0.0	0.0	0.0992777093763687	0.9007222906236313	0.0	0.0	0.0	61
0.0	0.0	0.0	0.0	1.0	0.0	0.0	62
0.0	0.0	0.0	0.0	1.0	0.0	0.0	63
1.0	0.0	0.0	0.0	0.0	0.0	-0.16666666666666666	64
0.0	1.0	0.0	0.0	0.0	0.0	0.0	65
0.0	1.0	0.0	0.0	0.0	0.0	0.0	66
0.0	1.0	0.0	0.0	0.0	0.0	0.0	67
1.0	0.0	0.0	0.0	0.0	0.0	-0.16666666666666666	68
0.0	1.0	0.0	0.0	0.0	0.0	0.0	69
0.9497778373789512	0.0	0.0	0.0	0.050222162621048824	0.0	-0.15829630622982518	70
0.0	0.0	0.0	0.0	0.0	1.0	0.16666666666666666	71
0.0	0.0	0.0	0.0	0.0	1.0	0.16666666666666666	72
0.0	0.0	0.0	1.0	0.0	0.0	0.0	73
0.0	0.9370403473377248	0.0	0.0629596526622752	0.0	0.0	0.0	74
0.0	0.1667285535166197	0.0629596526622752	0.7703117938211052	0.0	0.0	0.0	75
0.0	0.8332714464833803	0.0	0.1667285535166197	0.0	0.0	0.0	76
0.0	0.0	0.01742161010277742	0.9825783898972226	0.0	0.0	0.0	77
0.0	0.01742161010277712	0.0	0.9825783898972228	0.0	0.0	0.0	78
0.0	0.9509240316582355	0.0	0.049075968341764545	0.0	0.0	0.0	79
1.0	0.0	0.0	0.0	0.0	0.0	-0.16666666666666666	80
0.0	0.0	0.0	0.0	1.0	0.0	0.0	81
0.0	0.8876803073230571	0.0	0.11231969267694293	0.0	0.0	0.0	82
0.0	0.0	0.0	0.0	1.0	0.0	0.0	83
0.0	0.0	0.0	0.0	0.0	1.0	0.16666666666666666	84
0.0	0.0	0.0	0.0	1.0	0.0	0.0	85
0.0	0.0	0.993304647873628	0.006695352126371861	0.0	0.0	-2.6020852139652106e-18	86
0.0	1.0	0.0	0.0	0.0	0.0	0.0	87
0.0	0.0	0.6625877712191999	0.33741222878080024	0.0	0.0	-1.850371707708594e-17	88
0.0	1.0	0.0	0.0	0.0	0.0	0.0	89
0.0	0.0	1.0	0.0	0.0	0.0	0.0	90
0.0	0.0	1.717734262091841e-14	0.9999999999999828	0.0	0.0	0.0	91
0.0	0.0	0.0	0.0	0.0	1.0	0.16666666666666666	92
0.0	0.0	0.0	0.0	0.0	1.0	0.16666666666666666	93
0.0	0.0	0.999999999999999	9.2791577083361e-16	0.0	0.0	-6.622891855580811e-18	94
1.0	0.0	0.0	0.0	0.0	0.0	-0.16666666666666666	95
0.8899182396763572	0.0	0.11008176032364284	0.0	0.0	0.0	-0.1483197066127262	96
0.0	0.0	0.0	0.0	0.0	1.0	0.16666666666666666	97
0.0	1.0	0.0	0.0	0.0	0.0	0.0	98
0.0	1.0	0.0	0.0	0.0	0.0	0.0	99
0.0	0.0	0.0	0.0	1.0	0.0	0.0	100
0.0	1.0	0.0	0.0	0.0	0.0	0.0	101
0.0	1.0	0.0	0.0	0.0	0.0	0.0	102
0.0	0.9463683862879502	0.0	0.053631613712049754	0.0	0.0	0.0	103
0.0	0.0	0.0	0.0	0.0	1.0	0.16666666666666666	104
0.0	0.0	0.0	0.19315887979653878	0.0	0.8068411202034612	0.1344735200339102	105
0.4875261969867253	0.0	0.0	0.0	0.5124738030132748	0.0	-0.08125436616445421	106
0.0	0.9999999999999999	0.0	2.0528131796101092e-16	0.0	0.0	0.0	107
0.0	0.03616018155789391	0.9638398184421054	6.211358278545695e-16	0.0	0.0	7.499664486754064e-18	108
1.0	0.0	0.0	0.0	0.0	0.0	-0.16666666666666666	109
0.0	0.0	0.0	0.0	0.8386814578669554	0.16131854213304456	0.026886423688840755	110
0.0	1.0	0.0	0.0	0.0	0.0	0.0	111
0.0	0.0	0.0	0.0	0.0	1.0	0.16666666666666666	112
1.0	0.0	0.0	0.0	0.0	0.0	-0.16666666666666666	113
0.0	0.0	0.0	0.0	0.0	1.0	0.16666666666666666	114
0.0	0.6592096439968622	0.0	0.34079035600313784	0.0	0.0	0.0	115
0.0	0.6556060060902509	0.0	0.0	0.3443939939097491	0.0	0.0	116
0.0	0.3443939939097491	0.0	0.0	0.6556060060902509	0.0	0.0	117
0.0	0.0	1.0	0.0	0.0	0.0	0.0	118
0.0	0.0	0.0	1.0	0.0	0.0	0.0	119
0.0	0.0	0.0	0.0	0.0	1.0	0.16666666666666666	120
0.0	0.11306065500297044	0.8869393449970295	0.0	0.0	0.0	0.0	121
0.8869393449970295	0.11306065500297044	0.0	0.0	0.0	0.0	-0.14782322416617158	122
0.0	0.0	0.0	0.0	1.0	0.0	0.0	123
0.0	0.0	0.0	0.0	0.0	1.0	0.16666666666666666	124
1.0	0.0	0.0	0.0	0.0	0.0	-0.16666666666666666	125
0.0	0.0	1.5833969816396085e-15	0.0	0.0	0.9999999999999984	0.1666666666666664	126
0.0	0.0	0.0	0.0	0.0	1.0	0.16666666666666666	127
0.0	0.0	0.0	0.0	0.0	1.0	0.16666666666666666	128
0.0	0.19857003055750713	0.0	0.8014299694424928	0.0	0.0	0.0	129
1.0	0.0	0.0	0.0	0.0	0.0	-0.16666666666666666	130
0.0	0.0	0.0	0.0	1.0	0.0	0.0	131
0.0	0.0	1.0	0.0	0.0	0.0	0.0	132
1.0	0.0	0.0	0.0	0.0	0.0	-0.16666666666666666	133
0.0	0.3174265956772096	0.0	0.6825734043227905	0.0	0.0	0.0	134
0.0	0.0	0.0	0.0	0.0	1.0	0.16666666666666666	135
0.0	1.0	0.0	0.0	0.0	0.0	0.0	136
0.0	0.0	0.0	0.0	1.0	0.0	0.0	137
0.0	1.0	0.0	0.0	0.0	0.0	0.0	138
0.0	0.0	0.0	0.0	1.0	0.0	0.0	139
0.0	0.0	0.0	0.0	0.0	1.0	0.16666666666666666	140
0.2623061864150959	0.3833026150688126	0.0	0.35439119851609135	0.0	0.0	-0.04371769773584932	141
0.0	0.0	0.0	0.0	1.0	0.0	0.0	142
0.0	0.0	0.0	1.0	0.0	0.0	0.0	143
0.0	0.0	4.548871169616663e-14	0.9999999999999546	0.0	0.0	-1.850371707708594e-17	144
0.0	0.0	4.548871169616663e-14	0.9999999999999546	0.0	0.0	-1.850371707708594e-17	145
0.0	0.9999999999999546	0.0	4.548871169616663e-14	0.0	0.0	0.0	146
0.0	1.0	0.0	0.0	0.0	0.0	0.0	147
1.0	0.0	0.0	0.0	0.0	0.0	-0.16666666666666666	148
0.0	0.0	0.0	0.0	0.0	1.0	0.16666666666666666	149
0.0	0.0	0.3184773748765503	0.0	0.0	0.6815226251234496	0.1135871041872416	150
0.0	0.0	0.5297507189753501	0.0	0.4702492810246501	0.0	0.0	151
0.0	0.0	0.8876803073230587	0.0	0.0	0.11231969267694121	0.0187199487794902	152
0.0	0.0	0.0	0.0	1.0	0.0	0.0	153
0.0	0.0	0.0	0.0	1.0	0.0	0.0	154
0.0	0.0	1.0	0.0	0.0	0.0	0.0	155
0.0	0.0	0.0	0.0	0.0	1.0	0.16666666666666666	156
0.049902687589126894	0.9500973124108729	0.0	2.893644332060217e-16	0.0	0.0	-0.00831711459818781	157
0.0	0.0	1.0	0.0	0.0	0.0	0.0	158
0.0	0.822068970679522	0.0	0.1779310293204781	0.0	0.0	0.0	159
0.0	0.822068970679522	0.1779310293204781	0.0	0.0	0.0	-1.850371707708594e-17	160
0.0	0.0	0.0	0.0	0.0	1.0	0.16666666666666666	161
1.0	0.0	0.0	0.0	0.0	0.0	-0.16666666666666666	162
0.0	0.0	0.0	0.0	0.0	1.0	0.16666666666666666	163
0.0	0.0	0.0	0.0	1.0	0.0	0.0	164
0.0	0.0	0.0	0.0	1.0	0.0	0.0	165
0.0	1.0	0.0	0.0	0.0	0.0	0.0	166
0.0	0.0	0.0	0.0	1.0	0.0	0.0	167
0.0	1.0	0.0	0.0	0.0	0.0	0.0	168
0.0	0.0	0.0	0.0	0.0	1.0	0.16666666666666666	169
1.0	0.0	0.0	0.0	0.0	0.0	-0.16666666666666666	170
0.0	0.0	0.0	0.0	0.0	1.0	0.16666666666666666	171
0.0	0.045601728665186414	0.9543982713348135	0.0	0.0	0.0	0.0	172
0.0	0.9238132632916803	0.0	0.07618673670831963	0.0	0.0	0.0	173
0.0	0.0	0.0	0.0	1.0	0.0	0.0	174
0.0	0.0	0.0	1.0	0.0	0.0	0.0	175
0.0	0.0	0.0	0.0	1.0	0.0	0.0	176
0.0	0.0	0.37618795450425857	0.6238120454957414	0.0	0.0	0.0	177
0.0	0.0	0.0	0.0	1.0	0.0	0.0	178
0.0	0.0	0.0	0.0	1.0	0.0	0.0	179
0.0	0.0	0.0	0.0	0.0	1.0	0.16666666666666666	180
0.0	0.0	0.0	0.0	0.0	1.0	0.16666666666666666	181
0.0	0.0298855837357265	0.0	0.9701144162642735	0.0	0.0	0.0	182
0.0	0.9966410793585846	0.0	0.0033589206414153376	0.0	0.0	0.0	183
0.0	0.0	0.0	0.0	1.0	0.0	0.0	184
0.0	0.0	1.0	0.0	0.0	0.0	0.0	185
0.0	0.0	0.0	0.0	1.0	0.0	0.0	186
0.0	1.0	0.0	0.0	0.0	0.0	0.0	187
0.0	0.0	0.0	0.0	0.0	1.0	0.16666666666666666	188
1.0	0.0	0.0	0.0	0.0	0.0	-0.16666666666666666	189
0.6592096439968622	0.0	0.34079035600313784	0.0	0.0	0.0	-0.10986827399947703	190
0.0	0.0	0.0	0.0	1.0	0.0	0.0	191
0.8668595652639695	0.0	0.0	0.0	0.0	0.1331404347360305	-0.12228652175465649	192
0.0	0.0	1.0	0.0	0.0	0.0	0.0	193
1.0	0.0	0.0	0.0	0.0	0.0	-0.16666666666666666	194
0.0	0.0	0.0	0.0	1.0	0.0	0.0	195
0.0	0.8846492307768831	0.012956162949189252	0.0	0.10239460627392759	0.0	-4.625929269271485e-18	196
0.06337631694790348	0.0	0.1681450120309127	0.768478671021184	0.0	0.0	-0.010562719491317244	197
1.0	0.0	0.0	0.0	0.0	0.0	-0.16666666666666666	198
0.0	0.0	0.15239787241408564	0.8476021275859144	0.0	0.0	0.0	199
0.0	0.05367808318997377	0.0	0.9463219168100262	0.0	0.0	0.0	200
1.0	0.0	0.0	0.0	0.0	0.0	-0.16666666666666666	201
1.0	0.0	0.0	0.0	0.0	0.0	-0.16666666666666666	202
0.0	0.9833708600496551	0.0	0.016629139950344856	0.0	0.0	0.0	203
0.0	0.0	1.0	0.0	0.0	0.0	0.0	204
0.0	1.0	0.0	0.0	0.0	0.0	0.0	205
1.0	0.0	0.0	0.0	0.0	0.0	-0.16666666666666666	206
0.0	0.0	0.9664134274272755	0.033586572572724474	0.0	0.0	-2.3129646346357427e-18	207
0.0	0.0	0.0	0.0	0.0	1.0	0.16666666666666666	208
1.0	0.0	0.0	0.0	0.0	0.0	-0.16666666666666666	209
0.0	0.6922460918824646	0.0	0.3077539081175354	0.0	0.0	0.0	210
0.0	0.0	0.4234429042186338	1.091588966433794e-15	0.5765570957813652	0.0	0.0	211
0.0	1.0	0.0	0.0	0.0	0.0	0.0	212
0.0	1.0	0.0	0.0	0.0	0.0	0.0	213
1.0	0.0	0.0	0.0	0.0	0.0	-0.16666666666666666	214
0.0	0.0	0.0	0.0	0.0	1.0	0.16666666666666666	215
0.0	0.6093186547368007	0.0	0.3906813452631993	0.0	0.0	0.0	216
1.0	0.0	0.0	0.0	0.0	0.0	-0.16666666666666666	217
0.0	0.0	0.0	1.0	0.0	0.0	0.0	218
1.0	0.0	0.0	0.0	0.0	0.0	-0.16666666666666666	219
0.0	0.0	0.0	0.0	0.0	1.0	0.16666666666666666	220
0.0	0.0	0.0	0.0	1.0	0.0	0.0	221
0.0	0.0	0.0	0.0	1.0	0.0	0.0	222
0.0	0.0	0.0	0.0	0.0	1.0	0.16666666666666666	223
0.0	0.04042038362753399	0.0	0.959579616372466	0.0	0.0	0.0	224
0.0	0.6332757800559752	0.36672421994402404	6.943147784391122e-16	0.0	0.0	4.555031261206584e-18	225
0.0	0.0	0.0	0.0	1.0	0.0	0.0	226
1.0	0.0	0.0	0.0	0.0	0.0	-0.16666666666666666	227
0.0	0.0	0.0	0.0	0.0	1.0	0.16666666666666666	228
0.0	0.0	0.0	0.0	0.0	1.0	0.16666666666666666	229
0.0	0.0	1.0	0.0	0.0	0.0	0.0	230
0.0	0.0	0.0	0.0	1.0	0.0	0.0	231
0.0	0.0	1.0	0.0	0.0	0.0	0.0	232
0.0	0.9999999999999941	0.0	5.79857412868217e-15	0.0	0.0	0.0	233
0.0	0.0	5.79857412868217e-15	0.9999999999999941	0.0	0.0	0.0	234
0.0	0.7695829575866616	0.0	0.23041704241333838	0.0	0.0	0.0	235
0.0	0.0	0.0	0.0	1.0	0.0	0.0	236
1.0	0.0	0.0	0.0	0.0	0.0	-0.16666666666666666	237
1.0	0.0	0.0	0.0	0.0	0.0	-0.16666666666666666	238
0.0	0.0	0.0	0.0	0.0	1.0	0.16666666666666666	239
0.886939344997025	0.0	0.0	0.0	0.113060655002975	0.0	-0.14782322416617083	240
0.0	0.0	0.0	0.38992794911298395	0.610072050887016	0.0	1.850371707708594e-17	241
0.0	0.0	0.0	0.0	1.0	0.0	0.0	242
0.38992794911298395	0.0	0.0	0.0	0.610072050887016	0.0	-0.06498799151883065	243
0.0	0.0	0.0	0.0	1.0	0.0	0.0	244
0.0	0.0	0.0	0.0	1.0	0.0	0.0	245
1.0	0.0	0.0	0.0	0.0	0.0	-0.16666666666666666	246
1.0	0.0	0.0	0.0	0.0	0.0	-0.16666666666666666	247
0.0	0.0	0.0	1.0	0.0	0.0	0.0	248
0.0	0.0	0.0	0.0	1.0	0.0	0.0	249
0.0	0.0	0.0	0.0	0.0	1.0	0.16666666666666666	250
0.0	0.0	1.0	0.0	0.0	0.0	0.0	251
0.0	0.0	0.0	0.0	1.0	0.0	0.0	252
0.0	0.0	0.0	0.0	0.0	1.0	0.16666666666666666	253
0.0	0.0	0.0	0.0	0.0	1.0	0.16666666666666666	254
1.0	0.0	0.0	0.0	0.0	0.0	-0.16666666666666666	255
0.0	0.0	0.0	0.0	1.0	0.0	0.0	256
0.0	0.9852698248849673	0.0	0.014730175115032685	0.0	0.0	0.0	257
0.956364226928569	0.0	0.04363577307143094	0.0	0.0	0.0	-0.15939403782142816	258
1.0	0.0	0.0	0.0	0.0	0.0	-0.16666666666666666	259
0.0	0.0	0.0	0.0	1.0	0.0	0.0	260
1.0	0.0	0.0	0.0	0.0	0.0	-0.16666666666666666	261
0.0	0.0	0.0	0.0	1.0	0.0	0.0	262
0.0	0.9506150869595543	0.0	0.0	0.0	0.049384913040445705	0.008230818840074284	263
1.0	0.0	0.0	0.0	0.0	0.0	-0.16666666666666666	264
0.0	0.0	0.0	0.0	1.0	0.0	0.0	265
0.0	0.0	0.0	0.0	1.0	0.0	0.0	266
0.0	0.9701144162642747	0.0	0.02988558373572518	0.0	0.0	0.0	267
0.946368386287948	0.0	0.0	0.053631613712052065	0.0	0.0	-0.15772806438132467	268
0.0	0.0	0.0	0.0	1.0	0.0	0.0	269
1.0	0.0	0.0	0.0	0.0	0.0	-0.16666666666666666	270
0.0	0.0	0.0	0.0	1.0	0.0	0.0	271
0.0	0.0	0.0	1.0	0.0	0.0	0.0	272
0.0	0.0	0.0	1.0	0.0	0.0	0.0	273
0.0	0.0	0.0	1.0	0.0	0.0	0.0	274
0.0	0.8354913656263263	0.0	0.16450863437367372	0.0	0.0	0.0	275
0.0	0.8332714464833779	0.16672855351662208	0.0	0.0	0.0	0.0	276
0.0	0.9999999999999971	0.0	2.8639534884451477e-15	0.0	0.0	0.0	277
0.0	0.0	0.0	0.0	1.0	0.0	0.0	278
1.0	0.0	0.0	0.0	0.0	0.0	-0.16666666666666666	279
0.0	0.0	0.0	0.0	0.0	1.0	0.16666666666666666	280
1.0	0.0	0.0	0.0	0.0	0.0	-0.16666666666666666	281
0.0	0.0	0.0	1.0	0.0	0.0	0.0	282
0.0	0.9999999999999828	0.0	1.717734262091841e-14	0.0	0.0	0.0	283
0.0	0.0	0.0	0.0	1.0	0.0	0.0	284
1.0	0.0	0.0	0.0	0.0	0.0	-0.16666666666666666	285
0.0	1.0	0.0	0.0	0.0	0.0	0.0	286
1.0	0.0	0.0	0.0	0.0	0.0	-0.16666666666666666	287
0.0	0.0	1.0	0.0	0.0	0.0	0.0	288
0.0	0.05363161371204963	0.9463683862879504	0.0	0.0	0.0	0.0	289
0.0	0.05363161371204963	2.4396330139477132e-15	0.946368386287948	0.0	0.0	0.0	290
0.0	0.0	0.0	0.0	1.0	0.0	0.0	291
0.0	0.0629596526622752	0.9370403473377248	0.0	0.0	0.0	0.0	292
0.0	0.9093817587584488	0.09061824124155127	0.0	0.0	0.0	-1.850371707708594e-17	293
0.0	1.0	0.0	0.0	0.0	0.0	0.0	294
0.0	0.0	0.0	0.0	1.0	0.0	0.0	295
0.0	0.0	1.0	0.0	0.0	0.0	0.0	296
0.0	0.0	0.0	0.0	1.0	0.0	0.0	297
1.0	0.0	0.0	0.0	0.0	0.0	-0.16666666666666666	298
0.0	0.0	0.0	0.0	1.0	0.0	0.0	299
0.0	0.20459367842381346	0.0	0.7954063215761865	0.0	0.0	0.0	300
0.0	0.006695352126371861	0.0	0.993304647873628	0.0	0.0	0.0	301
0.0	0.0	0.0	1.0	0.0	0.0	0.0	302
0.0	0.0	0.4616768666472539	0.5383231333527462	0.0	0.0	-1.850371707708594e-17	303
0.0	0.006695352126371861	0.993304647873628	0.0	0.0	0.0	0.0	304
1.0	0.0	0.0	0.0	0.0	0.0	-0.16666666666666666	305
1.0	0.0	0.0	0.0	0.0	0.0	-0.16666666666666666	306
0.0	0.0	0.0	0.0	1.0	0.0	0.0	307
0.0	0.0	0.0	0.0	1.0	0.0	0.0	308
0.0	0.0	0.0	0.0	0.0	1.0	0.16666666666666666	309
0.0	0.0	0.0	0.0	4.548871169616663e-14	0.9999999999999546	0.16666666666665908	310
0.0	0.0	0.0	0.0	1.0	0.0	0.0	311
1.0	0.0	0.0	0.0	0.0	0.0	-0.16666666666666666	312
0.0	0.0	0.0	0.0	0.0	1.0	0.16666666666666666	313
1.0	0.0	0.0	0.0	0.0	0.0	-0.16666666666666666	314
0.0	0.16450863437367289	0.0	0.8354913656263271	0.0	0.0	0.0	315
0.0	0.0	0.0	0.0	0.0	1.0	0.16666666666666666	316
0.0	0.0	1.0	0.0	0.0	0.0	0.0	317
1.0	0.0	0.0	0.0	0.0	0.0	-0.16666666666666666	318
0.0	1.0	0.0	0.0	0.0	0.0	0.0	319
0.0	1.0	0.0	0.0	0.0	0.0	0.0	320
0.0	0.0	0.07618673670831963	0.0	0.9238132632916803	0.0	0.0	321
0.0	0.0	0.0	0.0	1.0	0.0	0.0	322
0.0	1.0	0.0	0.0	0.0	0.0	0.0	323
0.0	1.0	0.0	0.0	0.0	0.0	0.0	324
1.0	0.0	0.0	0.0	0.0	0.0	-0.16666666666666666	325
0.0	0.0	1.0	0.0	0.0	0.0	0.0	326
0.0	0.0	1.0	0.0	0.0	0.0	0.0	327
0.0	0.2741092096528389	0.725890790347161	0.0	0.0	0.0	0.0	328
0.0	0.7258907903471645	0.0	0.2741092096528356	0.0	0.0	0.0	329
1.0	0.0	0.0	0.0	0.0	0.0	-0.16666666666666666	330
1.0	0.0	0.0	0.0	0.0	0.0	-0.16666666666666666	331
1.0	0.0	0.0	0.0	0.0	0.0	-0.16666666666666666	332
0.0	0.0	0.015402264848759223	0.1217265367146486	0.0	0.8628711984365922	0.1438118664060987	333
0.0	0.0	1.0	0.0	0.0	0.0	0.0	334
1.0	0.0	0.0	0.0	0.0	0.0	-0.16666666666666666	335
1.0	0.0	0.0	0.0	0.0	0.0	-0.16666666666666666	336
1.0	0.0	0.0	0.0	0.0	0.0	-0.16666666666666666	337
0.0	0.0	1.0	0.0	0.0	0.0	0.0	338
0.0	0.0	1.0	0.0	0.0	0.0	0.0	339
0.0	0.0	0.0	0.0	1.0	0.0	0.0	340
0.0	0.0	0.5905384957228312	0.40946150427716865	0.0	0.0	0.0	341
0.0	0.5905384957228312	0.0	0.40946150427716865	0.0	0.0	0.0	342
0.0	0.0	0.0	0.0	0.0	1.0	0.16666666666666666	343
1.0	0.0	0.0	0.0	0.0	0.0	-0.16666666666666666	344
1.0	0.0	0.0	0.0	0.0	0.0	-0.16666666666666666	345
0.0	0.0	0.0	3.066158436214296e-16	0.9999999999999998	0.0	-1.850371707708594e-17	346
0.0	0.03088637208299917	0.0	0.9691136279170008	0.0	0.0	0.0	347
0.0	0.9182072974830725	0.0	0.08179270251692745	0.0	0.0	0.0	348
0.0	0.0	0.9182072974830725	0.08179270251692745	0.0	0.0	6.938893903907228e-18	349
0.0	0.0	0.0	0.0	0.0	1.0	0.16666666666666666	350
0.0	0.0	0.0	0.0	1.0	0.0	0.0	351
1.0	0.0	0.0	0.0	0.0	0.0	-0.16666666666666666	352
1.0	0.0	0.0	0.0	0.0	0.0	-0.16666666666666666	353
0.0	0.0	0.0	0.0	0.0	1.0	0.16666666666666666	354
0.0	0.0	1.0	0.0	0.0	0.0	0.0	355
0.0	0.0	0.0	0.0	0.0	1.0	0.16666666666666666	356
0.0	0.0	0.0	0.0	1.0	0.0	0.0	357
0.7476238188065814	0.0	0.0	0.25237618119341854	0.0	0.0	-0.12460396980109689	358
1.0	0.0	0.0	0.0	0.0	0.0	-0.16666666666666666	359
0.0	0.0	1.0	0.0	0.0	0.0	0.0	360
0.0	1.0	0.0	0.0	0.0	0.0	0.0	361
0.0	0.0	0.0	0.0	1.0	0.0	0.0	362
0.0	0.9999999999999991	0.0	8.905994826356401e-16	0.0	0.0	0.0	363
0.0	0.0	0.0	0.0	1.0	0.0	0.0	364
0.0	0.9854432324610395	0.0	0.014556767538960543	0.0	0.0	0.0	365
0.0	0.11651624454977758	0.0	0.8834837554502224	0.0	0.0	0.0	366
0.0	0.0	0.34516062209747633	0.0	0.6548393779025238	0.0	0.0	367
0.0	0.0	1.0	0.0	0.0	0.0	0.0	368
0.0	0.6840584193189685	0.0	0.3159415806810315	0.0	0.0	0.0	369
1.0	0.0	0.0	0.0	0.0	0.0	-0.16666666666666666	370
0.0	0.0	0.0	0.0	0.0	1.0	0.16666666666666666	371
0.0	0.37214791366804023	0.0	0.0	0.6278520863319597	0.0	0.0	372
0.0	1.0	0.0	0.0	0.0	0.0	0.0	373
0.0	0.0	1.0	0.0	0.0	0.0	0.0	374
0.0	0.0	0.0	0.0	1.0	0.0	0.0	375
0.0	0.0	1.0	0.0	0.0	0.0	0.0	376
0.0	0.0	0.0	0.0	0.0	1.0	0.16666666666666666	377
1.0	0.0	0.0	0.0	0.0	0.0	-0.16666666666666666	378
0.0	0.0336376896237514	0.0	0.0	0.0	0.9663623103762485	0.1610603850627081	379
0.0	0.0	0.0	0.0	1.0	0.0	0.0	380
0.0	0.0	0.0	0.0	0.5898664192418335	0.41013358075816664	0.06835559679302776	381
0.0	1.0	0.0	0.0	0.0	0.0	0.0	382
0.0	0.0	0.0	0.0	0.0	1.0	0.16666666666666666	383
0.0	1.0	0.0	0.0	0.0	0.0	0.0	384
0.0	0.0	0.0	0.0	1.0	0.0	0.0	385
0.0	1.0	0.0	0.0	0.0	0.0	0.0	386
0.0	0.0	0.0	1.0	0.0	0.0	0.0	387
0.0	0.7087514026248435	0.0	0.29124859737515657	0.0	0.0	0.0	388
0.0	0.01588870194750568	0.6515767622722701	0.0	0.0	0.3325345357802241	0.055422422630037355	389
1.0	0.0	0.0	0.0	0.0	0.0	-0.16666666666666666	390
0.0	0.9593118398609899	0.0	0.04068816013901006	0.0	0.0	0.0	391
0.0	0.0	0.0	1.0	0.0	0.0	0.0	392
0.0	0.0	0.0	0.0	0.0	1.0	0.16666666666666666	393
0.0	1.0	0.0	0.0	0.0	0.0	0.0	394
1.0	0.0	0.0	0.0	0.0	0.0	-0.16666666666666666	395
0.0	0.701319768120173	0.0	0.2986802318798269	0.0	0.0	0.0	396
0.0	0.701319768120173	0.0	0.2986802318798269	0.0	0.0	0.0	397
0.0	0.0	0.0	0.0	0.0	1.0	0.16666666666666666	398
0.0	1.0	0.0	0.0	0.0	0.0	0.0	399
0.0	0.0	0.0	0.0	0.0	1.0	0.16666666666666666	400
0.0	0.0	0.0	0.0	0.0	1.0	0.16666666666666666	401
0.0	0.0	0.0	0.0	0.2634467520228361	0.7365532479771639	0.12275887466286066	402
0.0	0.0536780831899729	0.0	0.9463219168100272	0.0	0.0	0.0	403
0.0	0.0	1.0	0.0	0.0	0.0	0.0	404
0.0	0.9361725414100623	0.06382745858993777	0.0	0.0	0.0	-1.850371707708594e-17	405
0.0	0.0	0.0	1.0	0.0	0.0	0.0	406
0.9764648744747758	0.0	0.0	0.023535125525224212	0.0	0.0	-0.16274414574579596	407
0.0	0.06232527134006753	0.0	0.9376747286599325	0.0	0.0	0.0	408
0.0	0.0	0.0	1.0	0.0	0.0	0.0	409
0.0	0.0	0.0	0.0	0.0	1.0	0.16666666666666666	410
0.0	0.0	0.0	0.0	1.0	0.0	0.0	411
0.0	0.0	0.0	0.0	1.0	0.0	0.0	412
0.0	0.785869813743268	0.0	0.21413018625673186	0.0	0.0	0.0	413
0.0	0.0	0.0	1.0	0.0	0.0	0.0	414
0.0	0.0	0.0	1.0	0.0	0.0	0.0	415
0.0	0.0	1.0	0.0	0.0	0.0	0.0	416
0.0	0.0	0.0	0.0	0.7147346783466192	0.2852653216533809	0.047544220275563466	417
1.0	0.0	0.0	0.0	0.0	0.0	-0.16666666666666666	418
0.0	0.0	0.0	0.0	0.0	1.0	0.16666666666666666	419
0.0	0.0	0.0	0.0	1.0	0.0	0.0	420
0.0	0.0	0.0	0.0	1.0	0.0	0.0	421
1.0	0.0	0.0	0.0	0.0	0.0	-0.16666666666666666	422
0.0	0.0	0.0	1.0	0.0	0.0	0.0	423
0.0	1.0	0.0	0.0	0.0	0.0	0.0	424
0.0	0.0	0.0	0.0	1.0	0.0	0.0	425
1.0	0.0	0.0	0.0	0.0	0.0	-0.16666666666666666	426
0.0	0.0	0.0	1.0	0.0	0.0	0.0	427
0.0	0.0	0.0	0.0	0.0	1.0	0.16666666666666666	428
0.0	0.7964783512766438	0.0	0.0	0.0	0.20352164872335624	0.03392027478722604	429
0.0	0.2741092096528389	0.725890790347161	0.0	0.0	0.0	0.0	430
0.0	1.0	0.0	0.0	0.0	0.0	0.0	431
0.0	1.0	0.0	0.0	0.0	0.0	0.0	432
0.0	1.0	0.0	0.0	0.0	0.0	0.0	433
0.0	0.0	0.0	0.0	0.0	1.0	0.16666666666666666	434
2.383516946834031e-16	0.7773626172354274	0.01387593529124444	0.20876144747332784	0.0	0.0	-4.163336342344337e-17	435
0.0	0.0	0.1301622516228148	0.0	0.0	0.8698377483771852	0.1449729580628642	436
0.1301622516228148	0.0	0.0	0.0	0.8698377483771852	0.0	-0.02169370860380247	437
0.0	0.0	0.0	0.0	1.0	0.0	0.0	438
0.0	0.0	0.0	0.0	0.0	1.0	0.16666666666666666	439
0.0	0.2514119203338207	6.481121197974579e-16	0.17432140976193763	0.0	0.5742666699042409	0.09571111165070682	440
0.0	0.0	0.0	0.0	1.0	0.0	0.0	441
0.0	0.8128054966187864	0.0	0.1871945033812136	0.0	0.0	0.0	442
0.0	0.9021946519811624	0.0	0.09780534801883756	0.0	0.0	0.0	443
0.0	0.0	1.0	0.0	0.0	0.0	0.0	444
0.0	0.0	0.0	0.0	0.0	1.0	0.16666666666666666	445
1.0	0.0	0.0	0.0	0.0	0.0	-0.16666666666666666	446
0.0	0.0	0.0	0.0	0.0	1.0	0.16666666666666666	447
0.0	0.0	1.0	0.0	0.0	0.0	0.0	448
1.0	0.0	0.0	0.0	0.0	0.0	-0.16666666666666666	449
0.08439949677803164	0.9156005032219683	0.0	0.0	0.0	0.0	-0.0140665827963386	450
1.0	0.0	0.0	0.0	0.0	0.0	-0.16666666666666666	451
0.0	0.8375565005536281	0.11815535424053906	0.044288145205832845	0.0	0.0	-5.782411586589357e-18	452
0.0	0.0	0.0	0.0	0.9999999999999998	2.568080929978631e-16	3.700743415417188e-17	453
0.0	0.0	0.0	0.0	1.0	0.0	0.0	454
0.0	1.717734262091841e-14	0.0	0.9999999999999828	0.0	0.0	0.0	455
0.0	0.0	0.0	0.0	0.0	1.0	0.16666666666666666	456
0.0	0.8698598624538899	0.13014013754611012	0.0	0.0	0.0	-4.625929269271485e-18	457
1.0	0.0	0.0	0.0	0.0	0.0	-0.16666666666666666	458
0.0	1.0	0.0	0.0	0.0	0.0	0.0	459
0.0	0.0	0.0	0.0	0.0	1.0	0.16666666666666666	460
0.0	0.8763692700390472	0.12363072996095285	0.0	0.0	0.0	-6.938893903907228e-18	461
1.0	0.0	0.0	0.0	0.0	0.0	-0.16666666666666666	462
0.0	0.0	0.0	1.0	0.0	0.0	0.0	463
0.0	0.11306065500297044	0.8869393449970295	0.0	0.0	0.0	0.0	464
0.0	0.0	0.8869393449970295	0.11306065500297044	0.0	0.0	4.625929269271485e-18	465
0.0	0.04068816013900999	0.95931183986099	0.0	0.0	0.0	0.0	466
0.0	0.0	0.0	0.0	0.0	1.0	0.16666666666666666	467
0.0	0.0	0.0	0.0	0.0	1.0	0.16666666666666666	468
0.0	0.8756366394414227	0.0	0.12436336055857732	0.0	0.0	0.0	469
0.0	0.8763692700390473	0.12363072996095262	0.0	0.0	0.0	-4.625929269271485e-18	470
1.0	0.0	0.0	0.0	0.0	0.0	-0.16666666666666666	471
1.0	0.0	0.0	0.0	0.0	0.0	-0.16666666666666666	472
0.03995797077127601	0.0	0.0	0.0	0.960042029228724	0.0	-0.006659661795212675	473
0.0	0.0	0.0	0.0	0.03995797077127601	0.960042029228724	0.160007004871454	474
0.0	0.0	0.0	0.0	1.0	0.0	0.0	475
0.46352015353817383	0.0	0.2867209571822436	0.2497588892795824	0.0	0.0	-0.07725335892302897	476
0.22491953943645812	0.3038796234276933	0.02479065623409717	0.44641018090175144	0.0	0.0	-0.037486589906076354	477
0.0	0.0	0.0	0.0	1.0	0.0	0.0	478
0.0	0.0	0.0	0.2427464318157058	0.7572535681842942	0.0	0.0	479
0.0	0.0	0.0	0.0	1.0	0.0	0.0	480
0.024000318414902827	0.0	0.0	0.0	0.0	0.9759996815850971	0.15866656052836572	481
0.0	0.0	0.0	0.0	0.0	1.0	0.16666666666666666	482
0.0	0.0	0.0	0.0	0.0	1.0	0.16666666666666666	483
0.0	0.0	1.0	0.0	0.0	0.0	0.0	484
0.0	0.0	1.0	0.0	0.0	0.0	0.0	485
0.0	0.0	0.0	0.0	1.0	0.0	0.0	486
0.11498217508250595	0.0	0.0	0.04444750912553331	0.0	0.8405703157919608	0.12093135678490914	487
0.0	1.0	0.0	0.0	0.0	0.0	0.0	488
0.0	0.0	0.0	0.0	1.0	0.0	0.0	489
0.0	0.2584270779730712	0.0	0.7415729220269289	0.0	0.0	0.0	490
1.0	0.0	0.0	0.0	0.0	0.0	-0.16666666666666666	491
0.0	0.9999999999999992	0.0	7.12063603291363e-16	0.0	0.0	0.0	492
0.0	0.0	0.9999999999999974	2.5778893814458096e-15	0.0	0.0	-4.062737467991585e-18	493
0.0	0.0	0.9999999999999974	2.5778893814458096e-15	0.0	0.0	-4.062737467991585e-18	494
0.0	0.0	0.0	0.0	0.0	1.0	0.16666666666666666	495
0.0	0.0	0.9999999999999828	1.717734262091841e-14	0.0	0.0	5.185710128586275e-18	496
0.0	0.0	0.0	0.0	7.434070629359517e-16	0.9999999999999992	0.16666666666666655	497
0.0	0.5304986231777752	0.4695013768222247	0.0	0.0	0.0	0.0	498
0.0	0.0	1.0	0.0	0.0	0.0	0.0	499
0.0	0.0	1.0	0.0	0.0	0.0	0.0	500
0.0	0.0	0.0	0.0	0.0	1.0	0.16666666666666666	501
0.0	0.0	0.0	0.0	1.0	0.0	0.0	502
0.0	1.0	0.0	0.0	0.0	0.0	0.0	503
0.9999999999999828	0.0	0.0	0.0	1.717734262091841e-14	0.0	-0.1666666666666638	504
0.0	1.0	0.0	0.0	0.0	0.0	0.0	505
0.0	0.0	0.0	0.0	0.0	1.0	0.16666666666666666	506
0.0	1.0	0.0	0.0	0.0	0.0	0.0	507
1.0	0.0	0.0	0.0	0.0	0.0	-0.16666666666666666	508
0.0	0.0	0.0	0.0	1.0	0.0	0.0	509
0.0	0.30084154217149395	0.6991584578285059	0.0	0.0	0.0	0.0	510
0.0	0.0	0.0	0.0	0.30084154217149395	0.6991584578285059	0.11652640963808432	511
0.0	0.0	1.0	0.0	0.0	0.0	0.0	512
0.0	0.25237618119341965	0.0	0.0	0.0	0.7476238188065805	0.12460396980109674	513
0.0	0.0	0.9999999999999998	2.832557830728444e-16	0.0	0.0	-1.020186302463552e-17	514
1.0	0.0	0.0	0.0	0.0	0.0	-0.16666666666666666	515
0.0	1.0	0.0	0.0	0.0	0.0	0.0	516
0.6660621168642114	0.0	0.0	0.0	0.33393788313578865	0.0	-0.11101035281070189	517
1.0	0.0	0.0	0.0	0.0	0.0	-0.16666666666666666	518
0.0	0.0	0.0	0.0	1.0	0.0	0.0	519
1.0	0.0	0.0	0.0	0.0	0.0	-0.16666666666666666	520
0.0	0.0	0.0	0.0	0.0	1.0	0.16666666666666666	521
1.0	0.0	0.0	0.0	0.0	0.0	-0.16666666666666666	522
0.0	0.0	0.0	0.0	1.0	0.0	0.0	523
0.0	0.8646175559421203	0.0	0.13538244405787966	0.0	0.0	0.0	524
0.0	0.0	0.0	0.0	0.0	1.0	0.16666666666666666	525
0.0	0.0	0.0	0.0	1.0	0.0	0.0	526
0.0	1.0	0.0	0.0	0.0	0.0	0.0	527
0.0	1.0	0.0	0.0	0.0	0.0	0.0	528
0.0	0.1795224860031221	0.0	0.820477513996878	0.0	0.0	0.0	529
0.0	0.9999999999999987	0.0	1.401336460560103e-15	0.0	0.0	0.0	530
1.0	0.0	0.0	0.0	0.0	0.0	-0.16666666666666666	531
0.0	0.8672720341604641	0.11302612241791621	0.019701843421619666	0.0	0.0	2.3129646346357427e-18	532
0.0	0.0755571943908328	0.9244428056091673	0.0	0.0	0.0	-1.850371707708594e-17	533
0.0	0.0	0.0	0.0	0.0	1.0	0.16666666666666666	534
0.0	1.0	0.0	0.0	0.0	0.0	0.0	535
0.0	0.0755571943908328	0.0	0.9244428056091673	0.0	0.0	0.0	536
0.0	0.0755571943908328	0.0	0.9244428056091673	0.0	0.0	0.0	537
0.0	0.014583624641234692	0.9854163753587653	0.0	0.0	0.0	0.0	538
0.0	0.5664498720228018	0.01458362464123469	0.0	0.0	0.41896650333596336	0.06982775055599388	539
0.0	3.436999432215956e-15	0.0	0.9999999999999966	0.0	0.0	0.0	540
0.0	0.0	0.0	0.0	1.0	0.0	0.0	541
0.0	0.0	0.0	0.0	1.0	0.0	0.0	542
0.0	0.015900132391589893	0.9840998676084101	0.0	0.0	0.0	0.0	543
1.0	0.0	0.0	0.0	0.0	0.0	-0.16666666666666666	544
0.0	0.0	0.0	0.0	1.0	0.0	0.0	545
0.0	0.0	0.0	0.0	1.0	0.0	0.0	546
0.0	0.0	1.0	0.0	0.0	0.0	0.0	547
0.0	0.6164187890153509	0.0	0.0	0.0	0.3835812109846491	0.06393020183077484	548
0.0	0.0	0.37772628313719897	0.0	0.622273716862801	0.0	0.0	549
0.0	0.0	0.0	0.0	5.79857412868217e-15	0.9999999999999941	0.16666666666666569	550
0.0	0.0	0.0	0.0	1.0	0.0	0.0	551
0.0	1.0	0.0	0.0	0.0	0.0	0.0	552
0.0	0.0	0.0	0.0	1.0	0.0	0.0	553
1.0	0.0	0.0	0.0	0.0	0.0	-0.16666666666666666	554
0.0	0.3544814166449292	0.0	0.6455185833550708	0.0	0.0	0.0	555
0.0	0.0	0.0	0.0	1.0	0.0	0.0	556
0.0	0.0	0.0	0.0	1.0	0.0	0.0	557
0.0	0.0	0.0	0.0	0.0	1.0	0.16666666666666666	558
1.0	0.0	0.0	0.0	0.0	0.0	-0.16666666666666666	559
0.0	0.9749005440736798	0.02509945592632018	0.0	0.0	0.0	9.25185853854297e-18	560
0.0	1.0	0.0	0.0	0.0	0.0	0.0	561
0.0	0.0	0.0	0.0	0.0	1.0	0.16666666666666666	562
0.0	0.0	0.0	0.0	1.0	0.0	0.0	563
0.0	0.0	0.0	0.0	0.0066953521263721635	0.9933046478736278	0.16555077464560464	564
0.0	0.0	1.0	0.0	0.0	0.0	0.0	565
0.0	0.0	0.0	0.0	1.0	0.0	0.0	566
0.0	0.0	1.0	0.0	0.0	0.0	0.0	567
0.0	0.0	5.79857412868217e-15	0.0	0.9999999999999941	0.0	0.0	568
0.0	0.2419595873284948	0.7271971429688857	0.03084326970261948	0.0	0.0	7.517135062566164e-18	569
0.0	0.0	0.0	0.0	0.0	1.0	0.16666666666666666	570
0.0	0.03084326970261948	0.2419595873284948	0.7271971429688857	0.0	0.0	0.0	571
0.0	0.0	0.725890790347161	0.2741092096528389	0.0	0.0	0.0	572
0.0	0.0	0.0	0.0	1.0	0.0	0.0	573
0.0	1.0	0.0	0.0	0.0	0.0	0.0	574
1.0	0.0	0.0	0.0	0.0	0.0	-0.16666666666666666	575
0.0	0.0	0.0	0.0	0.0	1.0	0.16666666666666666	576
0.0	1.0	0.0	0.0	0.0	0.0	0.0	577
0.0	0.0	1.0	0.0	0.0	0.0	0.0	578
0.0	0.0	0.0	1.0	0.0	0.0	0.0	579
0.0	0.0	0.0	0.8681752511545838	0.0	0.1318247488454162	0.021970791474236032	580
0.0	1.0	0.0	0.0	0.0	0.0	0.0	581
0.0	0.2741092096528389	0.0	0.725890790347161	0.0	0.0	0.0	582
0.0	0.0	0.0	0.0	0.33393788313578865	0.6660621168642114	0.11101035281070189	583
0.0	0.0	0.0	0.0	1.0	0.0	0.0	584
1.0	0.0	0.0	0.0	0.0	0.0	-0.16666666666666666	585
0.0	0.0	0.06605583155346499	0.9339441684465349	0.0	0.0	0.0	586
0.0	0.9824630192159693	0.0	0.01753698078403061	0.0	0.0	0.0	587
0.0	0.0	0.0	0.0	1.0	0.0	0.0	588
0.0	0.0	0.0	0.0	1.0	0.0	0.0	589
0.0	0.0	0.0	0.0	1.0	0.0	0.0	590
0.0	0.0	0.0	0.0	1.0	0.0	0.0	591
0.0	0.0	0.0	0.0	1.0	0.0	0.0	592
0.0	0.04696180599863967	0.9530381940013583	2.1362320538035256e-15	0.0	0.0	-4.468051169288033e-18	593
