1.000000000000000000e+00 2.170969537677849208e-04
2.000000000000000000e+00 3.220792710324583974e-02
3.000000000000000000e+00 5.749120197458725944e-04
4.000000000000000000e+00 9.875460740059232328e-18
5.000000000000000000e+00 4.543620679586376707e-03
6.000000000000000000e+00 3.830831846834542413e-03
7.000000000000000000e+00 2.656182758615564885e-03
8.000000000000000000e+00 8.432371560811821598e-03
9.000000000000000000e+00 1.703084330889385444e-03
1.000000000000000000e+01 8.432371560811821598e-03
1.100000000000000000e+01 3.220792710324583974e-02
1.200000000000000000e+01 5.216035649749099085e-03
1.300000000000000000e+01 8.432371560811821598e-03
1.400000000000000000e+01 7.047173193589837195e-03
1.500000000000000000e+01 4.543620679586376707e-03
1.600000000000000000e+01 3.220792710324583974e-02
1.700000000000000000e+01 3.220792710324583974e-02
1.800000000000000000e+01 6.236882382984696056e-03
1.900000000000000000e+01 3.220792710324583974e-02
2.000000000000000000e+01 3.220792710324583974e-02
2.100000000000000000e+01 3.220792710324583974e-02
2.200000000000000000e+01 7.047173193589837195e-03
2.300000000000000000e+01 8.432371560811821598e-03
2.400000000000000000e+01 3.220792710324583974e-02
2.500000000000000000e+01 3.220792710324583974e-02
2.600000000000000000e+01 5.216035649749099085e-03
2.700000000000000000e+01 3.220792710324583974e-02
2.800000000000000000e+01 3.220792710324583974e-02
2.900000000000000000e+01 3.220792710324583974e-02
3.000000000000000000e+01 3.220792710324583974e-02
3.100000000000000000e+01 7.047173193589837195e-03
3.200000000000000000e+01 3.220792710324583974e-02
3.300000000000000000e+01 8.432371560811821598e-03
3.400000000000000000e+01 3.220792710324583974e-02
3.500000000000000000e+01 3.220792710324583974e-02
3.600000000000000000e+01 8.432371560811821598e-03
3.700000000000000000e+01 3.220792710324583974e-02
3.800000000000000000e+01 3.220792710324583974e-02
3.900000000000000000e+01 3.220792710324583974e-02
4.000000000000000000e+01 3.220792710324583974e-02
4.100000000000000000e+01 3.220792710324583974e-02
4.200000000000000000e+01 3.220792710324583974e-02
4.300000000000000000e+01 7.047173193589837195e-03
4.400000000000000000e+01 8.432371560811821598e-03
4.500000000000000000e+01 3.220792710324583974e-02
4.600000000000000000e+01 3.220792710324583974e-02
4.700000000000000000e+01 3.220792710324583974e-02
4.800000000000000000e+01 3.220792710324583974e-02
4.900000000000000000e+01 8.432371560811821598e-03
5.000000000000000000e+01 3.220792710324583974e-02
