1.000000000000000000e+00 7.791437543921880118e-17
2.000000000000000000e+00 6.061015719340639464e-03
3.000000000000000000e+00 2.606161863577984364e-02
4.000000000000000000e+00 2.152573955206385156e-02
5.000000000000000000e+00 3.245457992682903442e-02
6.000000000000000000e+00 2.152573955206385156e-02
7.000000000000000000e+00 3.884753915941309421e-02
8.000000000000000000e+00 4.338341412619962922e-02
9.000000000000000000e+00 2.152573955206385156e-02
1.000000000000000000e+01 2.289764673826518576e-02
1.100000000000000000e+01 1.513277620254817150e-02
1.200000000000000000e+01 9.953256122667017772e-03
1.300000000000000000e+01 1.800743803793290743e-02
1.400000000000000000e+01 3.002408904452319102e-02
1.500000000000000000e+01 2.440040097575517722e-02
1.600000000000000000e+01 2.606161863577984364e-02
1.700000000000000000e+01 4.338341412619962922e-02
1.800000000000000000e+01 2.440040097575517722e-02
1.900000000000000000e+01 3.002408904452319102e-02
2.000000000000000000e+01 2.606161863577984364e-02
2.100000000000000000e+01 3.532924011544087001e-02
2.200000000000000000e+01 4.977636718339634864e-02
2.300000000000000000e+01 2.791870187234611264e-02
2.400000000000000000e+01 3.002408904452319102e-02
2.500000000000000000e+01 2.440040097575517722e-02
2.600000000000000000e+01 2.440040097575517722e-02
2.700000000000000000e+01 3.532924011544087001e-02
2.800000000000000000e+01 2.440040097575517722e-02
2.900000000000000000e+01 2.440040097575517722e-02
3.000000000000000000e+01 1.800743803793290743e-02
3.100000000000000000e+01 2.791870187234611264e-02
3.200000000000000000e+01 2.791870187234611264e-02
3.300000000000000000e+01 4.977636718339634864e-02
3.400000000000000000e+01 2.791870187234611264e-02
3.500000000000000000e+01 2.026370723787209935e-02
3.600000000000000000e+01 2.606161863577984364e-02
3.700000000000000000e+01 2.152573955206385156e-02
3.800000000000000000e+01 2.289764673826518576e-02
