1.000000000000000000e+00 9.224096790194558429e-03
2.000000000000000000e+00 9.224096790194558429e-03
3.000000000000000000e+00 3.018483443490815443e-03
4.000000000000000000e+00 2.828009197926218137e-18
5.000000000000000000e+00 9.224096790194558429e-03
6.000000000000000000e+00 2.205054726421802613e-03
7.000000000000000000e+00 9.224096790194558429e-03
8.000000000000000000e+00 3.503364095282534164e-03
9.000000000000000000e+00 3.211036866637104973e-03
1.000000000000000000e+01 9.224096790194558429e-03
1.100000000000000000e+01 9.224096790194558429e-03
1.200000000000000000e+01 1.264598965971587032e-03
1.300000000000000000e+01 2.621811545435357837e-03
1.400000000000000000e+01 2.942066875259034212e-03
1.500000000000000000e+01 3.211036866637104973e-03
1.600000000000000000e+01 2.447047788018069138e-03
1.700000000000000000e+01 2.050372360801290712e-03
1.800000000000000000e+01 2.337710526359375578e-03
1.900000000000000000e+01 2.814367203683380402e-03
2.000000000000000000e+01 9.224096790194558429e-03
2.100000000000000000e+01 1.752042973953277715e-03
2.200000000000000000e+01 9.224096790194558429e-03
2.300000000000000000e+01 4.132030885898498734e-03
2.400000000000000000e+01 9.224096790194558429e-03
2.500000000000000000e+01 9.224096790194558429e-03
2.600000000000000000e+01 9.224096790194558429e-03
2.700000000000000000e+01 3.735392511619489968e-03
2.800000000000000000e+01 9.224096790194558429e-03
2.900000000000000000e+01 4.132030885898498734e-03
3.000000000000000000e+01 4.132030885898498734e-03
3.100000000000000000e+01 9.224096790194558429e-03
3.200000000000000000e+01 9.224096790194558429e-03
3.300000000000000000e+01 4.132030885898498734e-03
3.400000000000000000e+01 9.699769442661710034e-04
3.500000000000000000e+01 2.814367203683380402e-03
3.600000000000000000e+01 2.582328357217925866e-03
3.700000000000000000e+01 3.338734582520225085e-03
3.800000000000000000e+01 3.503364095282534164e-03
3.900000000000000000e+01 2.185653478986085679e-03
4.000000000000000000e+01 9.224096790194558429e-03
4.100000000000000000e+01 4.132030885898498734e-03
4.200000000000000000e+01 4.132030885898498734e-03
4.300000000000000000e+01 1.849273357000497759e-03
4.400000000000000000e+01 9.224096790194558429e-03
4.500000000000000000e+01 9.224096790194558429e-03
4.600000000000000000e+01 9.224096790194558429e-03
4.700000000000000000e+01 3.735392511619489968e-03
4.800000000000000000e+01 9.224096790194558429e-03
4.900000000000000000e+01 3.211036866637104973e-03
5.000000000000000000e+01 3.211036866637104973e-03
5.100000000000000000e+01 2.759823362760966455e-03
5.200000000000000000e+01 2.289992784264388917e-03
5.300000000000000000e+01 9.224096790194558429e-03
5.400000000000000000e+01 9.224096790194558429e-03
5.500000000000000000e+01 2.759823362760966455e-03
5.600000000000000000e+01 9.224096790194558429e-03
5.700000000000000000e+01 2.245949394202393940e-03
5.800000000000000000e+01 1.624341591097313089e-03
5.900000000000000000e+01 1.234863231798052430e-03
6.000000000000000000e+01 9.224096790194558429e-03
6.100000000000000000e+01 2.942066875259034212e-03
6.200000000000000000e+01 4.132030885898498734e-03
6.300000000000000000e+01 1.474194777658772732e-03
6.400000000000000000e+01 9.224096790194558429e-03
6.500000000000000000e+01 4.132030885898498734e-03
6.600000000000000000e+01 2.050372360801290712e-03
6.700000000000000000e+01 9.224096790194558429e-03
6.800000000000000000e+01 4.132030885898498734e-03
6.900000000000000000e+01 2.245949394202393940e-03
7.000000000000000000e+01 2.447047788018069138e-03
7.100000000000000000e+01 9.224096790194558429e-03
7.200000000000000000e+01 9.224096790194558429e-03
7.300000000000000000e+01 9.224096790194558429e-03
7.400000000000000000e+01 9.224096790194558429e-03
7.500000000000000000e+01 9.224096790194558429e-03
7.600000000000000000e+01 3.211036866637104973e-03
7.700000000000000000e+01 9.224096790194558429e-03
7.800000000000000000e+01 3.018483443490815443e-03
7.900000000000000000e+01 4.132030885898498734e-03
8.000000000000000000e+01 9.224096790194558429e-03
8.100000000000000000e+01 4.132030885898498734e-03
8.200000000000000000e+01 2.006886943883884073e-03
8.300000000000000000e+01 9.224096790194558429e-03
8.400000000000000000e+01 9.224096790194558429e-03
8.500000000000000000e+01 2.814367203683380402e-03
8.600000000000000000e+01 3.338734582520225085e-03
8.700000000000000000e+01 9.224096790194558429e-03
8.800000000000000000e+01 2.621811545435357837e-03
8.900000000000000000e+01 3.338734582520225085e-03
9.000000000000000000e+01 2.664221969894043588e-03
9.100000000000000000e+01 3.503364095282534164e-03
9.200000000000000000e+01 9.224096790194558429e-03
9.300000000000000000e+01 3.338734582520225085e-03
9.400000000000000000e+01 4.132030885898498734e-03
9.500000000000000000e+01 2.477989399629689036e-03
9.600000000000000000e+01 9.224096790194558429e-03
9.700000000000000000e+01 9.224096790194558429e-03
9.800000000000000000e+01 9.224096790194558429e-03
9.900000000000000000e+01 1.966473724823792832e-03
1.000000000000000000e+02 9.224096790194558429e-03
1.010000000000000000e+02 9.224096790194558429e-03
1.020000000000000000e+02 2.942066875259034212e-03
1.030000000000000000e+02 9.224096790194558429e-03
1.040000000000000000e+02 3.503364095282534164e-03
1.050000000000000000e+02 2.267547492842505053e-03
1.060000000000000000e+02 3.735392511619489968e-03
1.070000000000000000e+02 9.224096790194558429e-03
1.080000000000000000e+02 3.735392511619489968e-03
1.090000000000000000e+02 4.132030885898498734e-03
1.100000000000000000e+02 3.106699647464344818e-03
1.110000000000000000e+02 2.148719237517334683e-03
1.120000000000000000e+02 3.211036866637104973e-03
1.130000000000000000e+02 9.224096790194558429e-03
1.140000000000000000e+02 3.735392511619489968e-03
1.150000000000000000e+02 3.338734582520225085e-03
1.160000000000000000e+02 9.224096790194558429e-03
1.170000000000000000e+02 9.224096790194558429e-03
1.180000000000000000e+02 9.224096790194558429e-03
1.190000000000000000e+02 9.224096790194558429e-03
1.200000000000000000e+02 2.759823362760966455e-03
1.210000000000000000e+02 3.211036866637104973e-03
1.220000000000000000e+02 3.338734582520225085e-03
1.230000000000000000e+02 3.106699647464344818e-03
1.240000000000000000e+02 9.224096790194558429e-03
1.250000000000000000e+02 9.224096790194558429e-03
1.260000000000000000e+02 9.224096790194558429e-03
1.270000000000000000e+02 2.942066875259034212e-03
1.280000000000000000e+02 9.224096790194558429e-03
1.290000000000000000e+02 2.050372360801290712e-03
1.300000000000000000e+02 9.224096790194558429e-03
1.310000000000000000e+02 9.224096790194558429e-03
1.320000000000000000e+02 2.166888451097263336e-03
1.330000000000000000e+02 4.712443852791812831e-04
1.340000000000000000e+02 9.224096790194558429e-03
1.350000000000000000e+02 9.224096790194558429e-03
1.360000000000000000e+02 3.106699647464344818e-03
1.370000000000000000e+02 3.106699647464344818e-03
1.380000000000000000e+02 9.224096790194558429e-03
1.390000000000000000e+02 9.224096790194558429e-03
1.400000000000000000e+02 3.211036866637104973e-03
1.410000000000000000e+02 2.759823362760966455e-03
1.420000000000000000e+02 9.224096790194558429e-03
1.430000000000000000e+02 9.224096790194558429e-03
1.440000000000000000e+02 3.338734582520225085e-03
1.450000000000000000e+02 9.224096790194558429e-03
1.460000000000000000e+02 9.224096790194558429e-03
1.470000000000000000e+02 9.224096790194558429e-03
1.480000000000000000e+02 9.224096790194558429e-03
1.490000000000000000e+02 9.224096790194558429e-03
1.500000000000000000e+02 2.510700026362654505e-03
1.510000000000000000e+02 2.337710526359375578e-03
1.520000000000000000e+02 3.735392511619489968e-03
1.530000000000000000e+02 3.735392511619489968e-03
1.540000000000000000e+02 2.245949394202393940e-03
1.550000000000000000e+02 2.759823362760966455e-03
1.560000000000000000e+02 9.224096790194558429e-03
1.570000000000000000e+02 3.735392511619489968e-03
1.580000000000000000e+02 9.224096790194558429e-03
1.590000000000000000e+02 9.224096790194558429e-03
1.600000000000000000e+02 3.735392511619489968e-03
1.610000000000000000e+02 3.338734582520225085e-03
1.620000000000000000e+02 2.582328357217925866e-03
1.630000000000000000e+02 2.582328357217925866e-03
1.640000000000000000e+02 9.224096790194558429e-03
1.650000000000000000e+02 3.735392511619489968e-03
1.660000000000000000e+02 9.224096790194558429e-03
1.670000000000000000e+02 9.224096790194558429e-03
1.680000000000000000e+02 2.710028680704458688e-03
1.690000000000000000e+02 9.224096790194558429e-03
1.700000000000000000e+02 9.224096790194558429e-03
1.710000000000000000e+02 2.759823362760966455e-03
1.720000000000000000e+02 3.338734582520225085e-03
1.730000000000000000e+02 9.224096790194558429e-03
1.740000000000000000e+02 9.224096790194558429e-03
1.750000000000000000e+02 9.224096790194558429e-03
1.760000000000000000e+02 9.224096790194558429e-03
