0.3883637481528768	0.45999034875787104	0.15164590308925227	0.0	-0.0970909370382192	1
0.08029160006153378	0.9197083999384662	0.0	0.0	-0.02007290001538345	2
0.0	0.0	0.07844568643597608	0.921554313564024	0.230388578391006	3
0.0	0.0	0.9660982494149709	0.03390175058502904	0.008475437646257272	4
0.6794173904807052	0.3205826095192948	0.0	0.0	-0.1698543476201763	5
0.20145964004785405	0.7985403599521459	0.0	0.0	-0.050364910011963526	6
0.0	0.0	0.16378029261422355	0.8362197073857764	0.2090549268464441	7
0.0	0.0	0.9561016723600317	0.043898327639968225	0.010974581909992065	8
0.0	0.012044960318589792	0.8419000371707599	0.1460550025106504	0.0365137506276626	9
0.0	0.07841156683586921	0.9215884331641305	3.6554774945522696e-16	8.326672684688674e-17	10
0.0	0.0	0.8031573805340221	0.19684261946597795	0.04921065486649448	11
0.0	0.0	0.28632618914592867	0.7136738108540714	0.17841845271351783	12
0.6734184523453743	0.3265815476546257	0.0	0.0	-0.16835461308634359	13
0.0	0.025530864268239528	0.1567861338498832	0.8176830018818773	0.20442075047046931	14
0.921551742850394	0.07844825714960593	0.0	0.0	-0.2303879357125985	15
0.0	0.0	0.9063099123107206	0.09369008768927947	0.02342252192231986	16
0.9026152513338234	0.09738474866617668	0.0	0.0	-0.22565381283345584	17
0.0	0.0	0.0	1.0	0.25	18
0.0	0.0	1.0	0.0	0.0	19
0.0	0.0	0.23883941542934714	0.7611605845706529	0.1902901461426632	20
0.519769407039505	0.4802305929604951	0.0	0.0	-0.12994235175987626	21
0.737678732092688	0.2483951140912298	0.0	0.013926153816082337	-0.18093814456915142	22
0.0	0.0	0.9999999999999999	1.6768938465887434e-16	2.7755575615628914e-17	23
0.0	0.0674607639724086	0.3559481524368064	0.5765910835907849	0.1441477708976962	24
0.8354074900764812	0.1645925099235188	0.0	0.0	-0.2088518725191203	25
0.9674399479734405	0.032560052026559524	0.0	0.0	-0.24185998699336012	26
0.6532904470993881	0.34670955290061184	0.0	0.0	-0.16332261177484703	27
0.0	0.8653720856051091	0.092643987752664	0.04198392664222675	0.010495981660556694	28
0.9946340612897775	0.0	0.0	0.005365938710222529	-0.24731703064488875	29
0.0	0.0	0.1860520030554182	0.8139479969445819	0.20348699923614544	30
0.20562321974985284	0.7943767802501471	0.0	0.0	-0.05140580493746322	31
0.0	0.0	0.009181988025778071	0.9908180119742219	0.24770450299355548	32
0.0	0.0	0.36715106181604545	0.6328489381839546	0.15821223454598865	33
0.0	0.0	0.39707553400732803	0.602924465992672	0.150731116498168	34
0.8054392751310997	0.19456072486890036	0.0	0.0	-0.20135981878277492	35
0.9751659509860454	0.024834049013954668	0.0	0.0	-0.24379148774651135	36
0.8473764490560235	0.15262355094397656	0.0	0.0	-0.2118441122640059	37
0.37134219552682773	0.6286578044731722	0.0	0.0	-0.09283554888170693	38
0.6225970855634024	0.3774029144365977	0.0	0.0	-0.1556492713908506	39
0.0	1.0	0.0	0.0	0.0	40
0.0	1.0	0.0	0.0	0.0	41
0.0	0.0	0.716894833932943	0.28310516606705705	0.07077629151676426	42
1.0	0.0	0.0	0.0	-0.25	43
0.0	0.883417788715635	0.0	0.11658221128436509	0.029145552821091273	44
0.0	0.0	0.8809701664764316	0.11902983352356836	0.029757458380892082	45
0.0	0.0	0.9223563800777154	0.07764361992228463	0.01941090498057116	46
0.0	0.0	0.29063419831432397	0.7093658016856761	0.17734145042141902	47
0.1313582900280855	0.8686417099719145	0.0	0.0	-0.03283957250702138	48
0.1309448517359645	0.8690551482640355	0.0	0.0	-0.03273621293399112	49
0.0	0.0	0.27781279020916366	0.7221872097908363	0.1805468024477091	50
0.676966859497334	0.323033140502666	0.0	0.0	-0.1692417148743335	51
0.0	1.0	0.0	0.0	0.0	52
0.0	0.0	0.47660079311766923	0.5233992068823307	0.13084980172058266	53
0.0	0.0	0.5639123211074138	0.4360876788925862	0.10902191972314654	54
0.9930706695179669	0.006929330482033065	0.0	0.0	-0.2482676673794917	55
0.0	0.0	0.32459217519254496	0.675407824807455	0.16885195620186377	56
0.7342505318538602	0.22226929651890237	0.04348017162723739	0.0	-0.18356263296346506	57
0.833256641747273	0.16674335825272704	0.0	0.0	-0.20831416043681825	58
0.0	0.0	0.07371792391762114	0.9262820760823788	0.2315705190205947	59
0.8380807018329715	0.1619192981670285	0.0	0.0	-0.20952017545824286	60
0.9045298190749484	0.09547018092505156	0.0	0.0	-0.2261324547687371	61
0.0	0.0	0.918537134475462	0.08146286552453792	0.02036571638113449	62
0.0	0.0	0.7250178017271086	0.27498219827289144	0.06874554956822285	63
0.06659700309988731	0.9334029969001126	0.0	0.0	-0.01664925077497184	64
0.8808854919346106	0.11911450806538931	0.0	0.0	-0.22022137298365263	65
0.23370984279421392	0.7662901572057861	0.0	0.0	-0.05842746069855348	66
0.0	1.0	0.0	0.0	0.0	67
0.0	0.0	0.9561268444524114	0.04387315554758869	0.01096828888689716	68
0.0	0.707047373181223	0.0	0.29295262681877693	0.07323815670469423	69
0.0	1.0	0.0	0.0	0.0	70
0.0	1.0	0.0	0.0	0.0	71
0.8594021547025854	0.14059784529741465	0.0	0.0	-0.21485053867564635	72
0.0	0.0618388993008352	0.14597753195318322	0.7921835687459816	0.1980458921864954	73
0.0	0.0	0.0	1.0	0.25	74
1.0	0.0	0.0	0.0	-0.25	75
0.971428293439833	0.028571706560167064	0.0	0.0	-0.24285707335995824	76
0.7564002703360243	0.24359972966397575	0.0	0.0	-0.1891000675840061	77
0.6547443293440933	0.34525567065590657	0.0	0.0	-0.16368608233602333	78
0.0453560283052499	0.9546439716947501	0.0	0.0	-0.011339007076312468	79
0.0	0.0	0.8978186780511516	0.10218132194884842	0.02554533048721211	80
0.0	0.0	0.5533176701997968	0.44668232980020317	0.11167058245005079	81
0.010624555315780744	0.9893754446842192	0.0	0.0	-0.0026561388289451926	82
0.0	0.0	0.7837222764809155	0.21627772351908445	0.05406943087977112	83
0.0	0.0	0.8744225594825643	0.12557744051743575	0.03139436012935892	84
0.0	0.0	0.0	1.0	0.25	85
0.0	0.0	0.8647092918443158	0.1352907081556842	0.033822677038921056	86
0.0	0.0	0.016652482696184325	0.9833475173038158	0.2458368793259539	87
0.0	0.0	0.10585241103798086	0.8941475889620191	0.22353689724050477	88
0.0	0.0	0.9326927526397154	0.06730724736028464	0.01682681184007115	89
0.0	0.0	0.8110789628328413	0.1889210371671587	0.04723025929178967	90
0.0	0.05612035205304538	0.06887476782228417	0.8750048801246704	0.2187512200311676	91
0.0	0.0	0.5461326970308678	0.45386730296913225	0.11346682574228306	92
0.7229923367056005	0.2770076632943994	0.0	0.0	-0.18074808417640012	93
0.7735864175848132	0.22641358241518691	0.0	0.0	-0.1933966043962033	94
0.0	0.0	0.22323852497190663	0.7767614750280933	0.19419036875702334	95
0.39795291464703464	0.6020470853529654	0.0	0.0	-0.09948822866175866	96
0.0	0.0	0.25529374858372544	0.7447062514162746	0.18617656285406864	97
0.0	1.0	0.0	0.0	0.0	98
0.0	0.0	0.6927737682525595	0.30722623174744046	0.07680655793686011	99
0.0	0.0	0.7639087564791118	0.23609124352088814	0.05902281088022204	100
0.0	0.8029480599535918	0.19705194004640827	0.0	-6.938893903907228e-18	101
0.0	0.0	0.17727042402303977	0.8227295759769603	0.20568239399424004	102
0.022768497981352408	0.0	0.01808639091234171	0.9591451111063058	0.23409415328123834	103
0.3452605860131223	0.6547394139868777	0.0	0.0	-0.08631514650328058	104
0.0	0.0	0.18541612288727646	0.8145838771127235	0.20364596927818088	105
0.8274697242395586	0.17253027576044144	0.0	0.0	-0.20686743105988964	106
0.41061850352116086	0.5893814964788392	0.0	0.0	-0.10265462588029022	107
0.028794028471614393	0.0	0.8099772172256808	0.16122875430270475	0.0331086814577726	108
0.22677388946418578	0.0	0.15736315239156026	0.615862958144254	0.09727226717001705	109
0.3470812522870491	0.652918747712951	0.0	0.0	-0.08677031307176228	110
0.924270858165586	0.07572914183441407	0.0	0.0	-0.2310677145413965	111
0.0	0.0	0.9235086701623338	0.07649132983766614	0.01912283245941654	112
0.9467803084271642	0.053219691572835716	0.0	0.0	-0.23669507710679105	113
0.02470637335706312	0.9752936266429368	0.0	0.0	-0.00617659333926579	114
0.03887194650851254	0.9611280534914873	0.0	0.0	-0.009717986627128139	115
0.7992429790690353	0.10335855728734322	0.09739846364362151	0.0	-0.19981074476725882	116
0.5858887328166918	0.4141112671833082	0.0	0.0	-0.14647218320417296	117
0.9254849927691633	0.07451500723083664	0.0	0.0	-0.23137124819229082	118
0.0	0.0	0.7653455127432423	0.23465448725675786	0.05866362181418944	119
0.0	0.10386578491036902	0.8961342150896311	0.0	-2.7755575615628914e-17	120
0.0	0.0	0.898532670006503	0.101467329993497	0.025366832498374237	121
0.0	0.7565102412503578	0.2434897587496421	0.0	-6.938893903907228e-18	122
0.10434667594838744	0.8956533240516126	0.0	0.0	-0.026086668987096856	123
0.5895404183441684	0.4104595816558316	0.0	0.0	-0.1473851045860421	124
0.0	0.04288309070308479	0.90269224510928	0.054424664187635176	0.013606166046908785	125
0.42715515787403474	0.5728448421259652	0.0	0.0	-0.10678878946850869	126
0.8958896369211694	0.10411036307883068	0.0	0.0	-0.22397240923029235	127
1.0	0.0	0.0	0.0	-0.25	128
0.0	1.0	0.0	0.0	0.0	129
0.0	0.0	0.8507581590120585	0.1492418409879414	0.037310460246985366	130
0.0	0.059943793333051984	0.9400562066669481	0.0	-2.7755575615628914e-17	131
0.0	0.0	0.1681700491761837	0.8318299508238164	0.20795748770595407	132
0.0	0.0	0.0	1.0	0.25	133
0.9259007691218295	0.07409923087817047	0.0	0.0	-0.23147519228045738	134
0.142769783633022	0.8572302163669779	0.0	0.0	-0.035692445908255516	135
0.0	0.0	0.4223088821817671	0.577691117818233	0.14442277945455823	136
0.9504862499806569	0.04951375001934312	0.0	0.0	-0.23762156249516422	137
0.0	0.9290650234711494	0.07093497652885057	0.0	1.0408340855860843e-17	138
0.7833961186079227	0.21660388139207729	0.0	0.0	-0.19584902965198067	139
0.0	0.0	0.42631965658958787	0.5736803434104122	0.14342008585260302	140
0.9298608756851895	0.07013912431481052	0.0	0.0	-0.23246521892129737	141
0.0	1.0	0.0	0.0	0.0	142
0.0	0.0	0.7536091471591595	0.24639085284084047	0.061597713210210125	143
0.0	0.0	0.014254445120836373	0.9857455548791637	0.2464363887197909	144
0.0	0.0	1.0	0.0	0.0	145
0.0	0.0	0.0	1.0	0.25	146
0.8781435121861926	0.12185648781380744	0.0	0.0	-0.21953587804654814	147
0.3033482766549736	0.6966517233450262	0.0	0.0	-0.0758370691637434	148
0.6809762832694191	0.31902371673058094	0.0	0.0	-0.17024407081735476	149
0.9829359515427041	0.017064048457295932	0.0	0.0	-0.24573398788567602	150
0.9999999999999999	1.5439563635849424e-16	0.0	0.0	-0.24999999999999997	151
0.0	0.0	0.18244758830303512	0.8175524116969649	0.20438810292424123	152
0.3341395467307208	0.6658604532692792	0.0	0.0	-0.0835348866826802	153
0.0	0.0	0.8658856562978621	0.134114343702138	0.03352858592553448	154
0.6990000727573795	0.3009999272426204	0.0	0.0	-0.17475001818934488	155
0.13954432581431547	0.8604556741856846	0.0	0.0	-0.034886081453578854	156
0.0	0.0	0.0	1.0	0.25	157
0.1899198902507564	0.8100801097492436	0.0	0.0	-0.0474799725626891	158
0.0	0.0	0.7451064223102692	0.2548935776897307	0.06372339442243269	159
0.0	0.0	0.7481222423871189	0.25187775761288117	0.06296943940322028	160
0.13226319366954575	0.8677368063304544	0.0	0.0	-0.03306579841738644	161
0.0	0.0	0.8132253967243858	0.18677460327561424	0.04669365081890356	162
0.6112076345052742	0.38879236549472584	0.0	0.0	-0.15280190862631854	163
0.8076091444648371	0.19239085553516286	0.0	0.0	-0.20190228611620928	164
0.0	0.0	0.9205434650992278	0.07945653490077227	0.01986413372519305	165
0.6090508572058442	0.3909491427941558	0.0	0.0	-0.15226271430146104	166
0.0	0.0	1.0	0.0	0.0	167
0.0	0.0	0.6852774847291394	0.3147225152708606	0.07868062881771515	168
0.0	0.0	0.3921756955610046	0.6078243044389953	0.15195607610974882	169
0.0	2.373733774214091e-16	0.23269286160188055	0.7673071383981193	0.19182678459952981	170
0.11195518767980998	0.88804481232019	0.0	0.0	-0.027988796919952486	171
0.31900088922258524	0.6809991107774148	0.0	0.0	-0.07975022230564631	172
0.0	0.0	0.05209973340162357	0.9479002665983763	0.23697506664959408	173
0.9999999999999997	3.5551277747417824e-16	0.0	0.0	-0.24999999999999992	174
0.0	0.11594556462869254	0.07740268828003782	0.8066517470912697	0.20166293677281744	175
0.0	0.0	0.4102287534880506	0.5897712465119493	0.14744281162798734	176
0.0	0.0	0.9637297786485893	0.03627022135141064	0.009067555337852667	177
0.9514221954003603	0.04857780459963965	0.0	0.0	-0.23785554885009008	178
0.032071271891140556	0.9679287281088595	0.0	0.0	-0.00801781797278514	179
0.7130410044906399	0.28695899550936005	0.0	0.0	-0.17826025112265997	180
0.7392669453850912	0.2607330546149088	0.0	0.0	-0.1848167363462728	181
0.5785726889838481	0.07445329964717057	0.3469740113689815	0.0	-0.14464317224596202	182
0.9466478154420744	0.05335218455792546	0.0	0.0	-0.2366619538605186	183
1.0	0.0	0.0	0.0	-0.25	184
0.951196371610499	0.04880362838950099	0.0	0.0	-0.23779909290262474	185
0.42334515179428234	0.5766548482057176	0.0	0.0	-0.10583628794857058	186
0.81881739604575	0.18118260395424998	0.0	0.0	-0.2047043490114375	187
0.0	0.0	0.9095872389029083	0.09041276109709179	0.022603190274272933	188
0.0	0.0	0.8572615584910198	0.14273844150898013	0.035684610377245046	189
0.0	1.0	0.0	0.0	0.0	190
0.0	0.0	0.8213246889382236	0.17867531106177634	0.04466882776544409	191
0.7365457187897211	0.2634542812102789	0.0	0.0	-0.18413642969743027	192
0.6902664072077401	0.3097335927922598	0.0	0.0	-0.17256660180193503	193
0.0	0.0	0.9168848401100971	0.08311515988990303	0.02077878997247573	194
0.8684130028052521	0.13158699719474792	0.0	0.0	-0.21710325070131303	195
0.92244385084387	0.07755614915612999	0.0	0.0	-0.2306109627109675	196
0.8953334503354653	0.10466654966453477	0.0	0.0	-0.22383336258386632	197
0.06249708664618311	0.937502913353817	0.0	0.0	-0.015624271661545786	198
0.5110316001905801	0.48896839980942	0.0	0.0	-0.12775790004764503	199
0.8706108802618556	0.12938911973814432	0.0	0.0	-0.21765272006546388	200
0.16555336510032892	0.8344466348996711	0.0	0.0	-0.04138834127508223	201
0.6676749255977277	0.33232507440227227	0.0	0.0	-0.16691873139943192	202
0.7172560176711774	0.2680439206740851	0.014700061654737515	0.0	-0.17931400441779433	203
0.0	0.0	0.04450823612681751	0.9554917638731825	0.23887294096829562	204
0.0	0.0	0.6441845426579719	0.35581545734202813	0.08895386433550703	205
1.0	0.0	0.0	0.0	-0.25	206
0.0	0.0	0.0779435596203992	0.9220564403796009	0.2305141100949002	207
0.0	0.0	0.1552868265252101	0.84471317347479	0.21117829336869748	208
0.1277028137810725	0.8722971862189275	0.0	0.0	-0.03192570344526813	209
0.8057025289811448	0.1942974710188551	0.0	0.0	-0.2014256322452862	210
0.0	0.0	1.0	0.0	0.0	211
0.3474943057717488	0.0	0.0792311456549308	0.5732745485733204	0.05644506070039291	212
0.0	0.0	0.3235257672282429	0.6764742327717571	0.16911855819293928	213
0.0	0.0	0.3008899823851958	0.6991100176148042	0.17477750440370105	214
0.0	0.0	0.6116475194447668	0.38835248055523314	0.0970881201388083	215
0.0	0.0	0.775525356214139	0.224474643785861	0.056118660946465254	216
0.0	0.0	0.08257688789611971	0.9174231121038803	0.22935577802597007	217
0.09878404486928916	0.9012159551307108	0.0	0.0	-0.02469601121732229	218
0.0	0.0	0.5230123658251944	0.47698763417480566	0.1192469085437014	219
0.0	0.0	1.0	0.0	0.0	220
0.961300811796719	0.03869918820328095	0.0	0.0	-0.24032520294917975	221
0.23347217422856825	0.7665278257714316	0.0	0.0	-0.05836804355714206	222
0.0	1.0	0.0	0.0	0.0	223
0.0	0.0	0.7511529196554291	0.24884708034457095	0.06221177008614273	224
0.0	0.0	0.8929256855663462	0.10707431443365371	0.026768578608413418	225
0.3030878036222205	0.6969121963777795	0.0	0.0	-0.07577195090555512	226
0.6258656435053108	0.3741343564946893	0.0	0.0	-0.1564664108763277	227
0.7036188862622467	0.2963811137377533	0.0	0.0	-0.17590472156556167	228
0.0	0.0	1.0	0.0	0.0	229
0.0	0.0	0.7896358152823671	0.21036418471763274	0.052591046179408185	230
0.0	0.0	0.9328521769400216	0.06714782305997831	0.016786955764994588	231
0.7981695736995557	0.2018304263004443	0.0	0.0	-0.1995423934248889	232
0.0	0.0	0.14274018993294102	0.857259810067059	0.21431495251676475	233
0.0	0.0	0.28499157797503033	0.7150084220249696	0.17875210550624243	234
0.7375584862195131	0.26244151378048686	0.0	0.0	-0.18438962155487829	235
0.0	0.0	0.9925172975160862	0.007482702483913859	0.0018706756209784514	236
0.0	0.0	0.3214038508295883	0.6785961491704118	0.16964903729260294	237
0.4744841859706418	0.5255158140293583	0.0	0.0	-0.11862104649266045	238
0.0	0.0	0.13985475234957034	0.8601452476504297	0.21503631191260741	239
0.14281919360881332	0.8571808063911867	0.0	0.0	-0.035704798402203336	240
0.0	0.0	0.9519077689191986	0.04809223108080129	0.012023057770200324	241
0.13036481116351437	0.8696351888364857	0.0	0.0	-0.0325912027908786	242
0.0	0.0	0.13382839683337827	0.8661716031666217	0.21654290079165545	243
0.0	0.0	0.11943283868154363	0.8805671613184564	0.2201417903296141	244
0.8327242919061347	0.1672757080938653	0.0	0.0	-0.20818107297653368	245
0.7465054649823861	0.2534945350176139	0.0	0.0	-0.18662636624559653	246
0.42153506712740535	0.5784649328725947	0.0	0.0	-0.10538376678185134	247
0.9405724086813371	0.05942759131866294	0.0	0.0	-0.23514310217033427	248
0.0	0.0	0.21817642835586223	0.7818235716441377	0.19545589291103443	249
0.966772055463424	0.03322794453657588	0.0	0.0	-0.241693013865856	250
0.0	0.0	0.293226257521698	0.7067737424783019	0.1766934356195755	251
0.538081412749817	0.46191858725018303	0.0	0.0	-0.13452035318745426	252
0.14775918894310658	0.8522408110568934	0.0	0.0	-0.036939797235776645	253
0.991990484737136	0.008009515262864062	0.0	0.0	-0.247997621184284	254
0.2607221793041973	0.7392778206958027	0.0	0.0	-0.06518054482604932	255
0.0	0.0	0.6128161294939038	0.3871838705060961	0.09679596762652404	256
0.0	0.0	0.6788436868388735	0.3211563131611264	0.08028907829028162	257
0.6069694875889357	0.3930305124110643	0.0	0.0	-0.1517423718972339	258
0.0	1.0	0.0	0.0	0.0	259
0.0	0.8949910417727452	0.0	0.10500895822725469	0.02625223955681367	260
0.0	0.0	0.34968589471881795	0.650314105281182	0.1625785263202955	261
0.0	1.0	0.0	0.0	0.0	262
0.0	0.0	0.017649294572075893	0.9823507054279241	0.24558767635698103	263
0.0	0.14476438293549462	0.12626770548522032	0.728967911579285	0.18224197789482122	264
0.9531622912631877	0.046837708736812214	0.0	0.0	-0.23829057281579694	265
0.0	0.0	0.49605505630012153	0.5039449436998783	0.12598623592496955	266
0.9698465531941624	0.03015344680583774	0.0	0.0	-0.2424616382985406	267
0.18537906034374577	0.8146209396562543	0.0	0.0	-0.046344765085936435	268
0.0	0.0	1.0	0.0	0.0	269
0.20636040478904333	0.7936395952109567	0.0	0.0	-0.05159010119726082	270
0.928867286603908	0.07113271339609199	0.0	0.0	-0.232216821650977	271
0.2752412454570784	0.5396277363377616	0.18513101820515998	0.0	-0.0688103113642696	272
0.6370532011319089	0.13497959085707448	0.2279672080110167	0.0	-0.15926330028297722	273
0.0	1.0	0.0	0.0	0.0	274
0.0	0.537171634321188	0.01610111657085956	0.4467272491079525	0.11168181227698812	275
0.594411451454908	0.405588548545092	0.0	0.0	-0.148602862863727	276
0.49186741161036196	0.5081325883896379	0.0	0.0	-0.12296685290259049	277
0.25266062909811243	0.7473393709018876	0.0	0.0	-0.06316515727452811	278
0.0	0.0	0.08112978214703359	0.9188702178529665	0.2297175544632416	279
0.9055396968793218	0.09446030312067819	0.0	0.0	-0.22638492421983045	280
0.0	0.0	0.9553191476178229	0.04468085238217708	0.011170213095544279	281
0.035868932843820596	0.0	0.0	0.9641310671561795	0.2320655335780897	282
0.0	0.0	0.7540447844790331	0.24595521552096686	0.06148880388024172	283
0.0	0.0	0.8141485329807585	0.18585146701924152	0.04646286675481037	284
0.0	0.0	0.5410771475977205	0.4589228524022794	0.11473071310056987	285
0.4399357533730842	0.5600642466269157	0.0	0.0	-0.10998393834327105	286
0.0	0.0	0.9490717409422282	0.05092825905777174	0.01273206476444294	287
0.0	0.0	0.3737837646457195	0.6262162353542805	0.15655405883857013	288
0.0	1.0	0.0	0.0	0.0	289
0.0	0.0	0.08515591119725124	0.9148440888027487	0.22871102220068718	290
1.0	0.0	0.0	0.0	-0.25	291
0.39745991544076403	0.6025400845592359	0.0	0.0	-0.09936497886019101	292
0.6555949137985393	0.34440508620146076	0.0	0.0	-0.16389872844963482	293
0.2749491620994462	0.7250508379005538	0.0	0.0	-0.06873729052486155	294
0.0	0.0	0.01765972386525545	0.9823402761347445	0.24558506903368613	295
0.17152361336977884	0.11073628597595947	0.28156566145220646	0.43617443920205534	0.06616270645806914	296
0.11658851148353556	0.8834114885164646	0.0	0.0	-0.029147127870883888	297
0.0	0.0	0.9569417612099699	0.0430582387900302	0.01076455969750753	298
0.0	0.0	0.9618476211682064	0.038152378831793544	0.009538094707948391	299
0.0	0.0	0.008681072057615122	0.9913189279423849	0.2478297319855962	300
0.8232286242031348	0.17677137579686528	0.0	0.0	-0.2058071560507837	301
0.0	0.0	0.7686841123205641	0.23131588767943592	0.057828971919858974	302
0.07701636598300016	0.466621141337951	0.4563624926790488	0.0	-0.01925409149575004	303
0.0	0.0	0.06275243214867306	0.937247567851327	0.23431189196283173	304
0.0	0.0	0.08515902092632874	0.9148409790736711	0.22871024476841778	305
0.0	0.0	0.9999999999999998	3.248733095389748e-16	5.551115123125783e-17	306
0.0	0.0	0.9999999999999998	3.012585915072837e-16	5.551115123125783e-17	307
0.0	0.0	0.2565869376006761	0.743413062399324	0.18585326559983098	308
0.0	0.0	0.5709289404735848	0.4290710595264152	0.1072677648816038	309
0.0	0.0	0.10371618921630259	0.8962838107836973	0.22407095269592434	310
0.07302048127064757	0.759280789618894	0.0	0.16769872911045836	0.023669561959952706	311
0.3437244793859534	0.6562755206140467	0.0	0.0	-0.08593111984648835	312
0.0	1.0	0.0	0.0	0.0	313
0.0	0.0	1.0	0.0	0.0	314
0.0	0.0	0.6778697239258846	0.3221302760741154	0.08053256901852884	315
0.0	0.0	0.17997269513516975	0.8200273048648303	0.20500682621620755	316
0.6553995366126765	0.34460046338732353	0.0	0.0	-0.16384988415316912	317
0.0	0.0	0.2823785742342017	0.7176214257657982	0.17940535644144956	318
0.6704572975807084	0.3295427024192917	0.0	0.0	-0.1676143243951771	319
0.963822040640147	0.03617795935985306	0.0	0.0	-0.24095551016003675	320
0.0	0.0	0.9306178154794951	0.06938218452050497	0.017345546130126233	321
0.8560039107078012	0.1439960892921988	0.0	0.0	-0.2140009776769503	322
0.21567000406694337	0.7843299959330566	0.0	0.0	-0.05391750101673584	323
0.9363224484080256	0.06367755159197434	0.0	0.0	-0.2340806121020064	324
0.3629277897944333	0.6370722102055666	0.0	0.0	-0.09073194744860832	325
0.39085426115884875	0.6091457388411514	0.0	0.0	-0.09771356528971219	326
0.056215844403446485	0.0	0.7158026306723638	0.22798152492418972	0.04294142013018579	327
0.2560634472956026	0.5707644821518895	0.17317207055250802	0.0	-0.06401586182390065	328
0.8975335993347046	0.10246640066529554	0.0	0.0	-0.22438339983367614	329
0.0	0.0	0.9634849005030957	0.036515099496904325	0.009128774874226087	330
0.9819721097134779	0.018027890286522064	0.0	0.0	-0.24549302742836948	331
0.11148323786253847	0.8885167621374616	0.0	0.0	-0.02787080946563461	332
0.0	0.0	0.6837523443169191	0.3162476556830809	0.07906191392077022	333
0.935208342402367	0.06479165759763286	0.0	0.0	-0.23380208560059176	334
0.0	0.0	1.0	0.0	0.0	335
0.0	1.0	0.0	0.0	0.0	336
0.9269859770562874	0.07301402294371255	0.0	0.0	-0.23174649426407185	337
0.06342889798396034	0.0	0.5436864693181938	0.392884632697846	0.08236393367847142	338
0.37128500180251217	0.6287149981974879	0.0	0.0	-0.09282125045062804	339
0.0	0.0	1.0	0.0	0.0	340
0.9341704997266549	0.06582950027334507	0.0	0.0	-0.23354262493166372	341
0.8458768380098648	0.15412316199013526	0.0	0.0	-0.21146920950246623	342
0.0	0.0	0.0	1.0	0.25	343
0.6037988277733538	0.3554518870878421	0.0	0.04074928513880409	-0.14076238565863744	344
0.0	0.0	0.7271847574413278	0.27281524255867223	0.06820381063966804	345
0.2772152570099658	0.7227847429900343	0.0	0.0	-0.06930381425249145	346
0.0	0.0	0.2977185020410185	0.7022814979589814	0.17557037448974538	347
0.02309752867883207	0.9769024713211679	0.0	0.0	-0.00577438216970802	348
0.0	0.0	0.09977394264074539	0.9002260573592545	0.22505651433981363	349
0.008823457884009725	0.0	0.37850262368513443	0.6126739184308558	0.15096261513671153	350
0.9999999999999997	4.436636893898562e-16	0.0	0.0	-0.24999999999999992	351
0.0	0.0	0.7683828645977179	0.23161713540228215	0.05790428385057053	352
0.8481364198198861	0.15186358018011387	0.0	0.0	-0.2120341049549715	353
0.0	0.0	0.3552302391423562	0.6447697608576438	0.16119244021441095	354
0.9464656069349681	0.05353439306503191	0.0	0.0	-0.23661640173374202	355
0.0	0.0	0.3241910847219177	0.6758089152780823	0.16895222881952057	356
0.0	0.0	0.6896127090396	0.31038729096039996	0.07759682274009999	357
1.0	0.0	0.0	0.0	-0.25	358
0.7431403517907764	0.23819050000723876	0.01866914820198494	0.0	-0.1857850879476941	359
0.0	0.24812500346732638	0.7518749965326736	0.0	0.0	360
0.2677635093229209	0.732236490677079	0.0	0.0	-0.06694087733073023	361
0.0	0.0	0.19599547545647508	0.8040045245435249	0.20100113113588122	362
0.7184936535744638	0.2815063464255363	0.0	0.0	-0.17962341339361595	363
0.5639454156327558	0.4360545843672443	0.0	0.0	-0.14098635390818895	364
0.0	0.0	0.2025705549267288	0.7974294450732712	0.1993573612683178	365
0.83645433519518	0.16354566480482	0.0	0.0	-0.209113583798795	366
0.0	0.0	0.3424419039199184	0.6575580960800815	0.16438952402002038	367
0.0	0.0	0.5773630036390992	0.42263699636090074	0.1056592490902252	368
0.17594729225156042	0.16712930777579887	0.6569233999726407	0.0	-0.043986823062890104	369
0.8679593027995279	0.1320406972004721	0.0	0.0	-0.21698982569988198	370
0.0	0.0	0.8740559578217445	0.12594404217825544	0.031486010544563875	371
0.46627717036393185	0.5337228296360681	0.0	0.0	-0.11656929259098296	372
0.45345750412969865	0.5465424958703013	0.0	0.0	-0.11336437603242466	373
0.0	0.2563683135209617	0.14995297612207042	0.593678710356968	0.14841967758924202	374
0.5639235347158902	0.43607646528410987	0.0	0.0	-0.14098088367897255	375
0.0	0.0	0.7953144192375742	0.20468558076242582	0.051171395190606456	376
0.8965470685729989	0.10345293142700115	0.0	0.0	-0.22413676714324973	377
0.2080205101209484	0.7919794898790516	0.0	0.0	-0.05200512753023709	378
0.9804283281562077	0.019571671843792274	0.0	0.0	-0.24510708203905193	379
0.0	0.0	0.9999999999999996	4.72484447717088e-16	1.1102230246251565e-16	380
0.9017326165728377	0.09826738342716211	0.0	1.7865724534115947e-16	-0.22543315414320936	381
0.6577740939563568	0.3422259060436432	0.0	0.0	-0.1644435234890892	382
0.0	0.0	0.22387673339781525	0.7761232666021848	0.1940308166505462	383
0.6879956048210284	0.3120043951789716	0.0	0.0	-0.1719989012052571	384
0.6147052525226538	0.3852947474773461	0.0	0.0	-0.15367631313066346	385
0.4262962899618049	0.5436817884728081	0.0	0.030021921565386953	-0.09906859209910449	386
0.0	0.0	0.014238530602897941	0.9857614693971021	0.24644036734927552	387
0.0	0.0	0.08694460914973286	0.9130553908502672	0.22826384771256678	388
0.0	1.0	0.0	0.0	0.0	389
0.3835669936123601	0.61643300638764	0.0	0.0	-0.09589174840309002	390
0.8789188208453496	0.1210811791546504	0.0	0.0	-0.2197297052113374	391
0.0	0.0	0.5644571470609173	0.4355428529390827	0.10888571323477067	392
0.0	0.0	0.6731585636119859	0.326841436388014	0.0817103590970035	393
0.9638855771513355	0.03611442284866451	0.0	0.0	-0.24097139428783387	394
0.0	0.0	2.715062833783189e-16	0.9999999999999998	0.24999999999999994	395
0.0	0.0	0.7573748857895424	0.2426251142104576	0.06065627855261441	396
0.36189324540911705	0.6381067545908828	0.0	0.0	-0.09047331135227926	397
0.0	0.0	0.39931298783221986	0.6006870121677802	0.15017175304194502	398
0.0	0.0	0.8852592164481875	0.11474078355181239	0.028685195887953097	399
0.017633075767548786	0.9823669242324512	0.0	0.0	-0.0044082689418872	400
0.9582459595370858	0.04175404046291422	0.0	0.0	-0.23956148988427145	401
0.0	0.2312192668571446	0.07894505729703528	0.6898356758458202	0.17245891896145504	402
0.0	0.0	0.16727859457728142	0.8327214054227186	0.20818035135567964	403
1.0	0.0	0.0	0.0	-0.25	404
0.0	0.7277340515200422	0.2722659484799579	0.0	-2.7755575615628914e-17	405
0.0	0.0	0.43843438592501244	0.5615656140749876	0.1403914035187469	406
0.0	0.0	0.9591688603054094	0.04083113969459057	0.010207784923647656	407
0.0	0.0	0.08986443955639674	0.9101355604436033	0.2275338901109008	408
0.0	0.0	0.7696608679603146	0.2303391320396854	0.05758478300992134	409
0.0	0.0	0.9759664260553743	0.024033573944625644	0.0060083934861564214	410
0.0	0.0	0.3799300092993979	0.6200699907006022	0.15501749767515052	411
0.8507913064541452	0.14920869354585475	0.0	0.0	-0.2126978266135363	412
0.7135165779641361	0.2864834220358638	0.0	0.0	-0.17837914449103404	413
0.6617797198404687	0.33822028015953126	0.0	0.0	-0.16544492996011717	414
0.018871851695643316	0.9811281483043567	0.0	0.0	-0.004717962923910829	415
0.8795509767065598	0.12044902329344026	0.0	0.0	-0.21988774417663998	416
0.1873938284568926	0.0	0.13836585814306596	0.6742403134000414	0.1217116212357872	417
0.5836234718226865	0.4163765281773136	0.0	0.0	-0.14590586795567162	418
1.0	0.0	0.0	0.0	-0.25	419
0.0	0.0	0.4389179176614368	0.5610820823385633	0.1402705205846408	420
0.9544413369368928	0.045558663063107206	0.0	0.0	-0.2386103342342232	421
0.766295695187443	0.2337043048125569	0.0	0.0	-0.19157392379686075	422
0.0	0.0	0.9876539000359005	0.012346099964099492	0.0030865249910248804	423
0.0	0.0	0.3365604575584501	0.66343954244155	0.16585988561038748	424
0.09761882340084635	0.9023811765991536	0.0	0.0	-0.024404705850211594	425
0.0	0.0	0.3900965496987651	0.6099034503012347	0.15247586257530865	426
0.7582402322511989	0.24175976774880112	0.0	0.0	-0.1895600580627997	427
0.0	0.0	0.8673868357859207	0.13261316421407937	0.03315329105351983	428
0.04982940288792865	0.9501705971120713	0.0	0.0	-0.012457350721982174	429
0.11834805649339009	0.8816519435066099	0.0	0.0	-0.02958701412334752	430
0.7649950242540684	0.23500497574593168	0.0	0.0	-0.1912487560635171	431
0.08343084388116234	0.9165691561188376	0.0	0.0	-0.0208577109702906	432
0.0	0.0	0.5765467638567309	0.423453236143269	0.10586330903581725	433
0.0	0.0	0.45182530527027065	0.5481746947297294	0.13704367368243234	434
0.0	0.0	1.0	0.0	0.0	435
0.8965137570246297	0.10348624297537033	0.0	0.0	-0.2241284392561574	436
0.5760853932712751	0.423914606728725	0.0	0.0	-0.14402134831781876	437
0.9144279096810188	0.08557209031898115	0.0	0.0	-0.2286069774202547	438
0.0	0.0	0.5466486144879179	0.4533513855120822	0.11333784637802052	439
0.015544727567519609	0.0	0.8202104724494249	0.1642447999830554	0.03717501810388396	440
0.5983986696586227	0.22119119438046617	0.18041013596091107	0.0	-0.14959966741465566	441
0.8537954369687951	0.14620456303120485	0.0	0.0	-0.21344885924219878	442
0.0	0.0	0.8851112918046604	0.1148887081953395	0.028722177048834868	443
0.0	0.0	0.08925471060374802	0.910745289396252	0.227686322349063	444
5.211368752658311e-16	0.0	0.7159082803468126	0.2840917196531869	0.07102292991329659	445
1.0	0.0	0.0	0.0	-0.25	446
0.0	0.19865807839066116	0.719674642060434	0.08166727954890471	0.020416819887226184	447
0.20580903721000834	0.7941909627899917	0.0	0.0	-0.05145225930250208	448
0.8507438006707626	0.1492561993292374	0.0	0.0	-0.21268595016769065	449
0.914432696031017	0.08556730396898293	0.0	0.0	-0.22860817400775424	450
0.9455809856215016	0.0544190143784984	0.0	0.0	-0.2363952464053754	451
0.0	0.9270532519860043	0.07294674801399577	0.0	-1.734723475976807e-17	452
0.8507992241978555	0.14920077580214455	0.0	0.0	-0.21269980604946387	453
0.5476508993456696	0.1631047831317345	0.2892443175225959	0.0	-0.1369127248364174	454
0.0	0.949966216222993	0.0	0.050033783777006895	0.012508445944251724	455
0.0	1.0	0.0	0.0	0.0	456
0.0	0.7324313014003613	0.11413174994145112	0.15343694865818766	0.03835923716454693	457
0.0	0.0	1.0	0.0	0.0	458
0.11647474375061334	0.8835252562493867	0.0	0.0	-0.02911868593765332	459
0.0	0.0	0.19445999142844037	0.8055400085715596	0.2013850021428899	460
0.23798722334641714	0.7620127766535828	0.0	0.0	-0.0594968058366043	461
0.9371522358419442	0.06284776415805575	0.0	0.0	-0.23428805896048605	462
0.0	0.0	0.5699032046706602	0.4300967953293397	0.10752419883233494	463
0.0	1.0	0.0	0.0	0.0	464
0.9999999999999997	4.4273888453711937e-16	0.0	0.0	-0.24999999999999992	465
0.025091935586054652	0.0	0.8856836155512463	0.08922444886269898	0.016033128319161094	466
0.07996691394488872	0.9200330860551114	0.0	0.0	-0.019991728486222188	467
0.621589541523185	0.3784104584768149	0.0	0.0	-0.15539738538079625	468
0.0	0.0	0.0	1.0	0.25	469
0.5538916723255846	0.11759335878096815	0.32851496889344733	0.0	-0.13847291808139614	470
0.0	0.0	0.2976596461322195	0.7023403538677806	0.17558508846694512	471
0.0	0.0	0.18420299108866894	0.8157970089113311	0.20394925222783278	472
0.0	0.0	0.04816955745339834	0.9518304425466017	0.2379576106366504	473
0.0	0.0	0.10472033032801308	0.8952796696719868	0.2238199174179967	474
0.0	0.0	0.7907396274895718	0.2092603725104281	0.052315093127607015	475
0.0	0.0	0.5564184932613339	0.4435815067386662	0.11089537668466654	476
0.0	0.0	0.6930699114501221	0.3069300885498779	0.07673252213746948	477
0.4719928092278676	0.4208870458416606	0.10712014493047163	0.0	-0.1179982023069669	478
0.7746811719141642	0.22531882808583592	0.0	0.0	-0.19367029297854105	479
0.0	0.0	0.7846913864060805	0.21530861359391953	0.05382715339847988	480
0.0	0.0	0.0	1.0	0.25	481
0.7338507261779279	0.2661492738220721	0.0	0.0	-0.18346268154448198	482
0.8141828171091448	0.18581718289085525	0.0	0.0	-0.2035457042772862	483
0.21918640991205482	0.10946872010060915	0.6713448699873361	0.0	-0.05479660247801371	484
0.0	1.0	0.0	0.0	0.0	485
0.058835095594609914	0.9411649044053901	0.0	0.0	-0.014708773898652466	486
0.9692523341775494	0.030747665822450577	0.0	0.0	-0.24231308354438735	487
0.0	0.0	0.9219812697701796	0.07801873022982046	0.019504682557455105	488
0.06429614714886896	0.935703852851131	0.0	0.0	-0.01607403678721725	489
0.6855869719578962	0.31441302804210386	0.0	0.0	-0.17139674298947405	490
0.6978794944660389	0.30212050553396097	0.0	0.0	-0.17446987361650973	491
0.08830477982712247	0.9116952201728775	0.0	0.0	-0.02207619495678062	492
0.0	0.0	0.5008547424894815	0.49914525751051847	0.12478631437762963	493
0.8909741776242669	0.10902582237573309	0.0	0.0	-0.22274354440606672	494
0.10236896499787952	0.8976310350021205	0.0	0.0	-0.025592241249469877	495
0.0	0.0	0.35964586715913394	0.6403541328408662	0.16008853321021652	496
0.5732937669855463	0.4267062330144537	0.0	0.0	-0.1433234417463866	497
0.41276863413736825	0.5872313658626317	0.0	0.0	-0.10319215853434206	498
0.8066396005968706	0.1933603994031294	0.0	0.0	-0.20165990014921764	499
0.0	1.0	0.0	0.0	0.0	500
0.0	0.0	1.0	0.0	0.0	501
0.11688402782327631	0.8831159721767236	0.0	0.0	-0.029221006955819084	502
0.9492456162085391	0.05075438379146089	0.0	0.0	-0.23731140405213477	503
0.0	0.179993475730693	0.5067581849981914	0.3132483392711157	0.07831208481777893	504
0.0	0.0	0.0	1.0	0.25	505
0.0	0.0	0.3971578188022819	0.6028421811977182	0.1507105452994295	506
3.7491690355249127e-16	0.9999999999999997	0.0	0.0	-8.326672684688674e-17	507
0.9002345105984646	0.09976548940153537	0.0	0.0	-0.22505862764961615	508
0.9780703742883554	0.021929625711644526	0.0	0.0	-0.24451759357208885	509
1.0	0.0	0.0	0.0	-0.25	510
0.0	1.7459390521570044e-16	0.9292266868290568	0.0707733131709429	0.017693328292735733	511
0.0	0.0	0.18879188297649346	0.8112081170235065	0.20280202925587665	512
0.0	0.0	0.9254915974232737	0.0745084025767263	0.018627100644181577	513
0.0	0.9286974650446502	0.07130253495534968	0.0	-3.469446951953614e-18	514
0.0	0.03223057675037655	0.437067931314086	0.5307014919355375	0.13267537298388438	515
0.3738108641710404	0.5337838210071971	0.09240531482176235	0.0	-0.0934527160427601	516
0.8747798037471708	0.12522019625282918	0.0	0.0	-0.2186949509367927	517
0.42024273011072394	0.579757269889276	0.0	0.0	-0.10506068252768098	518
0.0	1.0	0.0	0.0	0.0	519
0.0	0.0	1.0	0.0	0.0	520
0.0	0.07023607068156579	0.1929268777810293	0.7368370515374049	0.1842092628843512	521
0.26715303833306914	0.4213763988110229	0.31147056285590796	0.0	-0.06678825958326728	522
0.0	0.0	0.8613230308902774	0.13867696910972263	0.03466924227743065	523
0.09132420386753859	0.9086757961324614	0.0	0.0	-0.022831050966884647	524
0.0	0.0	0.10963170633693517	0.8903682936630649	0.2225920734157662	525
0.0	0.0	0.9890247913767316	0.010975208623268333	0.002743802155817071	526
0.6984269977468253	0.30157300225317474	0.0	0.0	-0.17460674943670632	527
0.9671595830565419	0.03284041694345804	0.0	0.0	-0.24178989576413548	528
0.20756107280196498	0.792438927198035	0.0	0.0	-0.05189026820049125	529
0.9120213207600477	0.08797867923995234	0.0	0.0	-0.22800533019001196	530
0.9136981344525715	0.08630186554742846	0.0	0.0	-0.22842453361314288	531
0.6181504045059643	0.3818495954940358	0.0	0.0	-0.15453760112649106	532
0.8312312419703499	0.16876875802964997	0.0	0.0	-0.20780781049258748	533
0.0	0.0	0.7634951294830036	0.2365048705169964	0.059126217629249106	534
0.5889234749914191	0.2677472665917094	0.14332925841687166	0.0	-0.14723086874785477	535
0.0	0.0	0.10590556042979846	0.8940944395702015	0.22352360989255038	536
0.6983219780412815	0.30167802195871857	0.0	0.0	-0.17458049451032037	537
0.7144091010259798	0.28559089897402024	0.0	0.0	-0.17860227525649494	538
0.0	0.0	0.09239256179002599	0.9076074382099739	0.22690185955249348	539
0.29588736659959824	0.7041126334004018	0.0	0.0	-0.07397184164989956	540
0.3032185978829335	0.6967814021170665	0.0	0.0	-0.07580464947073337	541
0.03243280297141094	0.9675671970285891	0.0	0.0	-0.008108200742852734	542
0.0	0.0	0.9058594699553012	0.09414053004469873	0.023535132511174672	543
0.0	0.0	0.850332191242636	0.14966780875736396	0.03741695218934099	544
0.0	0.0	0.2684140034978236	0.7315859965021765	0.18289649912554412	545
0.14155043810198178	0.8584495618980182	0.0	0.0	-0.03538760952549544	546
0.8143448032710737	0.18565519672892633	0.0	0.0	-0.20358620081776846	547
1.0	0.0	0.0	0.0	-0.25	548
0.37749364487024034	0.6225063551297596	0.0	0.0	-0.09437341121756009	549
0.0	0.7285269547289405	0.2714730452710594	0.0	0.0	550
0.0	0.0	0.8114495564816427	0.1885504435183572	0.047137610879589315	551
0.0	0.0	0.6769037838845074	0.32309621611549266	0.08077405402887314	552
0.05977364738621974	0.9402263526137803	0.0	0.0	-0.014943411846554927	553
0.0	1.0	0.0	0.0	0.0	554
0.010985546533070769	0.9890144534669292	0.0	0.0	-0.0027463866332677056	555
0.0	0.988185099656479	0.011814900343520894	0.0	-1.3444106938820255e-17	556
0.42524873607878555	0.5747512639212145	0.0	0.0	-0.10631218401969639	557
0.9437867455946837	0.05621325440531625	0.0	0.0	-0.23594668639867092	558
0.0	0.0	0.10901578357583745	0.8909842164241625	0.22274605410604062	559
0.0	0.031842957710196004	0.51008621207617	0.4580708302136341	0.11451770755340851	560
0.0	0.0	0.41062729696283995	0.58937270303716	0.14734317575929	561
0.0	0.0	0.2920029624040517	0.7079970375959483	0.17699925939898709	562
0.0	0.0	1.0	0.0	0.0	563
0.8668379208908191	0.1331620791091809	0.0	0.0	-0.21670948022270478	564
0.9278781519378532	0.07212184806214683	0.0	0.0	-0.2319695379844633	565
0.07354968843582742	0.9264503115641726	0.0	0.0	-0.018387422108956858	566
0.0	0.0	0.1122372472580955	0.8877627527419044	0.2219406881854761	567
0.909078457531601	0.090921542468399	0.0	0.0	-0.22726961438290025	568
0.0	0.8132073873975427	0.18679261260245725	0.0	6.938893903907228e-18	569
0.47900821396955556	0.5209917860304445	0.0	0.0	-0.11975205349238889	570
0.0	0.9730630837525808	0.0	0.026936916247419274	0.006734229061854819	571
0.0	0.16975810293811536	0.3439045224716783	0.4863373745902063	0.1215843436475516	572
0.8382428493513636	0.09149514019768389	0.07026201045095241	0.0	-0.2095607123378409	573
0.0	0.0	0.9208256090286662	0.0791743909713339	0.019793597742833458	574
0.8803172174598477	0.11968278254015242	0.0	0.0	-0.22007930436496193	575
0.0	0.0	1.0	0.0	0.0	576
0.0	1.0	0.0	0.0	0.0	577
0.6935239091391868	0.3064760908608132	0.0	0.0	-0.1733809772847967	578
0.0	1.0	0.0	0.0	0.0	579
0.9556532868871072	0.044346713112892795	0.0	0.0	-0.2389133217217768	580
0.1678359598434935	0.8321640401565065	0.0	0.0	-0.04195898996087338	581
0.0	0.0	0.0	1.0	0.25	582
0.6935892828079913	0.30641071719200874	0.0	0.0	-0.17339732070199781	583
0.8465595889536991	0.15344041104630085	0.0	0.0	-0.21163989723842475	584
0.6389125328316492	0.36108746716835094	0.0	0.0	-0.1597281332079123	585
0.0	0.0	0.7347715994033461	0.26522840059665387	0.06630710014916347	586
0.0	0.03103053597051022	0.040458441487598557	0.9285110225418912	0.2321277556354728	587
0.0	0.0	0.7945187484025981	0.20548125159740202	0.051370312899350484	588
0.0	0.011882592741939878	0.04197562519461907	0.946141782063441	0.23653544551586025	589
0.0	0.0	0.9710684864499299	0.028931513550070065	0.007232878387517516	590
0.0	0.0	3.815107412357328e-16	0.9999999999999997	0.24999999999999992	591
0.0	1.0	0.0	0.0	0.0	592
0.0	0.0	0.0	1.0	0.25	593
0.0	0.0	0.6362223813047515	0.3637776186952485	0.09094440467381212	594
0.4933446439636271	0.4243827668696815	0.08227258916669142	0.0	-0.12333616099090677	595
0.0	0.0	0.7704534907703492	0.22954650922965078	0.0573866273074127	596
0.017800980197044108	0.9821990198029559	0.0	0.0	-0.004450245049261031	597
0.10418379099725542	0.8958162090027446	0.0	0.0	-0.026045947749313847	598
0.0	0.20625204379876289	0.6244116584552901	0.16933629774594705	0.04233407443648676	599
0.0	0.0	0.3901556611992468	0.6098443388007533	0.15246108470018832	600
0.0	0.03104504804518416	0.285299047758936	0.68365590419588	0.17091397604897	601
0.0	1.0	0.0	0.0	0.0	602
0.8194614268240226	0.18053857317597727	0.0	0.0	-0.20486535670600564	603
0.2763358089930442	0.7236641910069559	0.0	0.0	-0.06908395224826105	604
0.5262145525914171	0.4737854474085828	0.0	0.0	-0.13155363814785428	605
0.0	0.0	0.020522145349593107	0.9794778546504069	0.24486946366260173	606
0.0	0.0	0.0	1.0	0.25	607
0.0	0.0	0.011466329685993796	0.9885336703140062	0.24713341757850155	608
0.0	0.0	0.9525335814194974	0.047466418580502524	0.011866604645125622	609
0.0	0.0	0.10722386966343546	0.8927761303365644	0.2231940325841411	610
0.9348790063982407	0.06512099360175926	0.0	0.0	-0.23371975159956018	611
0.0	0.0	0.924662618760398	0.07533738123960201	0.018834345309900496	612
0.0	0.0	0.9584996991223694	0.04150030087763047	0.010375075219407615	613
0.19113034234773937	0.7547253558258634	0.0	0.05414430182639704	-0.03424651013033559	614
0.0	0.0	0.6345869937573937	0.36541300624260636	0.09135325156065158	615
0.0	0.0	0.9825081577815584	0.017491842218441616	0.0043729605546103945	616
0.6967349101184409	0.3032650898815591	0.0	0.0	-0.17418372752961023	617
0.0	0.0	0.265792615009615	0.7342073849903851	0.18355184624759624	618
0.0	0.0	0.1320563388720513	0.8679436611279487	0.21698591528198719	619
0.0	0.0	0.012496343191126549	0.9875036568088734	0.24687591420221836	620
0.0	0.0	0.9893977023731158	0.010602297626884206	0.0026505744067210624	621
0.040214056049429334	0.8518246935350672	0.10796125041550336	0.0	-0.010053514012357337	622
0.0	0.0	0.7950612497614341	0.20493875023856584	0.05123468755964147	623
0.0	0.0	0.053643670191020724	0.9463563298089793	0.23658908245224483	624
0.0	1.0	0.0	0.0	0.0	625
0.6735389893797641	0.32646101062023586	0.0	0.0	-0.16838474734494102	626
0.3166630726953658	0.6833369273046341	0.0	0.0	-0.07916576817384145	627
0.0	0.0	0.9002468116645436	0.09975318833545643	0.024938297083864108	628
0.34288296677921887	0.6571170332207811	0.0	0.0	-0.08572074169480472	629
0.32591585048348276	0.6740841495165173	0.0	0.0	-0.08147896262087069	630
0.0	0.9897176921749675	0.010282307825032465	0.0	3.0357660829594124e-18	631
0.9438626231953318	0.05613737680466827	0.0	0.0	-0.23596565579883294	632
0.9810530360188424	0.018946963981157666	0.0	0.0	-0.2452632590047106	633
0.0	0.0	0.8133687880447092	0.1866312119552908	0.04665780298882269	634
0.9746079617723442	0.02539203822765576	0.0	0.0	-0.24365199044308605	635
0.9723362727935698	0.02766372720643017	0.0	0.0	-0.24308406819839246	636
0.0	0.0	0.08005890121795028	0.9199410987820498	0.22998527469551244	637
0.07929531849678542	0.9207046815032145	0.0	0.0	-0.01982382962419635	638
0.9204773814780375	0.07952261852196248	0.0	0.0	-0.23011934536950937	639
0.0	0.0	0.3763752122545168	0.6236247877454831	0.1559061969363708	640
0.7544471091200738	0.24555289087992618	0.0	0.0	-0.18861177728001846	641
0.0	0.0	0.021791179097802104	0.978208820902198	0.24455220522554946	642
0.0	0.03157940175277811	0.9374171453809832	0.031003452866238717	0.007750863216559684	643
0.0	0.0	0.15503120641155554	0.8449687935884446	0.21124219839711111	644
0.9615397453275257	0.03846025467247438	0.0	0.0	-0.24038493633188143	645
0.15706600051504918	0.6534281947794481	0.18950580470550274	0.0	-0.039266500128762295	646
0.0	0.0	0.9999999999999997	3.616656814705274e-16	8.326672684688674e-17	647
0.9581804522941938	0.04181954770580629	0.0	0.0	-0.23954511307354845	648
0.8132506780618703	0.1867493219381297	0.0	0.0	-0.20331266951546761	649
0.179103884942692	0.820896115057308	0.0	0.0	-0.04477597123567301	650
0.6921489133051896	0.30785108669481037	0.0	0.0	-0.1730372283262974	651
0.0	0.0	0.7166324386006807	0.28336756139931935	0.07084189034982982	652
0.5956774372770878	0.4043225627229122	0.0	0.0	-0.14891935931927194	653
0.0	0.0	0.33055939387991523	0.6694406061200848	0.1673601515300212	654
0.0	0.0	0.8575397553207741	0.1424602446792259	0.03561506116980648	655
0.43917121574442985	0.5608287842555701	0.0	0.0	-0.10979280393610746	656
0.6322527988431667	0.36774720115683346	0.0	0.0	-0.15806319971079166	657
0.6790352168808625	0.32096478311913734	0.0	0.0	-0.16975880422021564	658
0.9999999999999997	4.2454341034425123e-16	0.0	0.0	-0.24999999999999992	659
0.3301450034527616	0.6698549965472385	0.0	0.0	-0.0825362508631904	660
0.0	0.0	0.9512708542798682	0.04872914572013172	0.01218228643003294	661
0.08180410158275389	0.9181958984172461	0.0	0.0	-0.020451025395688466	662
0.0	0.0	0.18858589814157137	0.8114141018584285	0.20285352546460714	663
0.0	1.0	0.0	0.0	0.0	664
0.0	0.0	0.23070653471262412	0.7692934652873759	0.19232336632184396	665
0.0	0.0	1.0	0.0	0.0	666
0.0	0.0	0.9654803682318477	0.03451963176815222	0.008629907942038051	667
0.7881464129494002	0.2118535870505998	0.0	0.0	-0.19703660323735006	668
0.7886643988229382	0.21133560117706182	0.0	0.0	-0.19716609970573454	669
0.0	0.9999999999999996	0.0	4.941906915495434e-16	1.2354767288738586e-16	670
0.0	1.0	0.0	0.0	0.0	671
0.0	0.0	0.39195147533898667	0.6080485246610133	0.15201213116525333	672
0.0	0.0	0.05072915495165945	0.9492708450483406	0.23731771126208515	673
0.9269601628471724	0.07303983715282765	0.0	0.0	-0.2317400407117931	674
0.9296868403843543	0.07031315961564567	0.0	0.0	-0.23242171009608859	675
0.04551519858811591	0.9544848014118841	0.0	0.0	-0.011378799647028981	676
0.0	0.041283728608825836	0.41176862929739527	0.5469476420937789	0.13673691052344472	677
0.9029136553334333	0.09708634466656675	0.0	0.0	-0.22572841383335832	678
0.0	0.0	0.6316063735732957	0.36839362642670437	0.09209840660667606	679
0.9572260367695087	0.04277396323049131	0.0	0.0	-0.23930650919237717	680
0.0	0.0	0.9349904184094762	0.06500958159052388	0.01625239539763096	681
0.0	0.0	0.17255734558714217	0.8274426544128578	0.20686066360321445	682
0.5822258512318054	0.4177741487681947	0.0	0.0	-0.14555646280795134	683
0.0	0.0	0.9498820419935613	0.05011795800643877	0.012529489501609675	684
0.0	0.0	0.04651608734667991	0.9534839126533201	0.23837097816333003	685
0.0	0.0	0.8778429200883273	0.12215707991167275	0.03053926997791817	686
0.8050966127781335	0.19490338722186643	0.0	0.0	-0.20127415319453337	687
0.5911494732141117	0.31539399876699237	0.0934565280188961	0.0	-0.14778736830352793	688
0.7251721894546999	0.27482781054530014	0.0	0.0	-0.18129304736367496	689
0.7299970480381773	0.2700029519618225	0.0	0.0	-0.18249926200954433	690
0.9510796791444287	0.0489203208555713	0.0	0.0	-0.23776991978610718	691
0.0	0.0	0.7608863649837895	0.23911363501621052	0.05977840875405263	692
0.0	0.0	0.8419118393719945	0.15808816062800543	0.039522040157001365	693
0.930282132027454	0.06971786797254609	0.0	0.0	-0.2325705330068635	694
0.2920339949689502	0.5538627951106819	0.0	0.15410320992036788	-0.03448269626214558	695
0.0	0.0	0.3798539851829676	0.6201460148170324	0.1550365037042581	696
0.08485568925657791	0.915144310743422	0.0	0.0	-0.021213922314144484	697
0.0	0.0	0.19211511712707646	0.8078848828729236	0.20197122071823087	698
0.0	0.0	0.9743930018229539	0.025606998177046134	0.006401749544261537	699
0.3436770570834255	0.6563229429165744	0.0	0.0	-0.08591926427085637	700
0.9999999999999998	2.5698116360658245e-16	0.0	0.0	-0.24999999999999994	701
0.3107517074938037	0.5646217391796898	0.12462655332650649	0.0	-0.07768792687345094	702
0.0	0.0	0.3139823898421381	0.6860176101578619	0.17150440253946547	703
1.0	0.0	0.0	0.0	-0.25	704
0.5848687587924454	0.36799521983182826	0.0	0.04713602137572632	-0.13443318435417975	705
0.0	0.05356978679530582	0.9464302132046938	5.155696863153488e-16	1.3877787807814457e-16	706
0.5545371331383165	0.44546286686168357	0.0	0.0	-0.13863428328457914	707
0.917766521663079	0.08223347833692099	0.0	0.0	-0.22944163041576976	708
0.0	0.0	0.3130167383887832	0.6869832616112168	0.1717458154028042	709
0.9361203752188475	0.06387962478115256	0.0	0.0	-0.2340300938047119	710
0.0	0.0	0.4204021385439747	0.5795978614560252	0.1448994653640063	711
0.8839614368633685	0.11603856313663162	0.0	0.0	-0.22099035921584212	712
0.8520806188772049	0.14791938112279523	0.0	0.0	-0.21302015471930122	713
0.0	0.0	0.2400198210277832	0.7599801789722169	0.1899950447430542	714
0.8673797454162551	0.1326202545837449	0.0	0.0	-0.21684493635406377	715
0.0	0.0	0.0	1.0	0.25	716
0.06503328958984954	0.9349667104101504	0.0	0.0	-0.016258322397462388	717
0.0	1.0	0.0	0.0	0.0	718
0.0	0.0	0.9442822284897701	0.055717771510229976	0.013929442877557485	719
0.0	0.042320081901160156	0.3526419996582183	0.6050379184406217	0.15125947961015543	720
0.08317362965077617	0.9168263703492238	0.0	0.0	-0.02079340741269403	721
0.0	0.0	0.7662466568826637	0.23375334311733628	0.05843833577933408	722
0.0	0.0	0.9692868907273334	0.03071310927266658	0.007678277318166643	723
0.0	1.0	0.0	0.0	0.0	724
0.0	1.0	0.0	0.0	0.0	725
0.9338184640012235	0.06618153599877648	0.0	0.0	-0.23345461600030587	726
1.0	0.0	0.0	0.0	-0.25	727
0.0	0.0	1.0	0.0	0.0	728
0.0	0.0	0.06832207285477875	0.9316779271452214	0.2329194817863053	729
0.0	0.8873978847266567	0.11260211527334317	0.0	3.469446951953614e-18	730
0.9536455256686401	0.04635447433135999	0.0	0.0	-0.23841138141716003	731
0.7315954685100264	0.2684045314899736	0.0	0.0	-0.1828988671275066	732
0.0	0.0	0.9263005222973557	0.07369947770264436	0.018424869425661072	733
0.0	0.0	0.895151601412272	0.10484839858772808	0.026212099646931997	734
0.5691862121877642	0.4308137878122357	0.0	0.0	-0.14229655304694105	735
0.19594815073937086	0.8040518492606291	0.0	0.0	-0.04898703768484272	736
0.0	0.0	0.7234417975445925	0.2765582024554076	0.06913955061385188	737
0.9999999999999996	4.771957567235851e-16	0.0	0.0	-0.2499999999999999	738
0.5754596668771083	0.42454033312289174	0.0	0.0	-0.14386491671927706	739
0.0	0.0	0.1304750471919753	0.8695249528080247	0.21738123820200617	740
0.0	0.0	0.9231382368375034	0.07686176316249665	0.01921544079062415	741
0.3973264535168626	0.4881781142107501	0.1144954322723873	0.0	-0.09933161337921564	742
0.9697664472796775	0.030233552720322462	0.0	0.0	-0.24244161181991938	743
0.0	1.0	0.0	0.0	0.0	744
0.9672174170714629	0.03278258292853708	0.0	0.0	-0.24180435426786573	745
0.8988683836705187	0.10113161632948119	0.0	0.0	-0.22471709591762967	746
0.0	0.0	0.008546875272302839	0.9914531247276972	0.2478632811819243	747
0.0	0.0	0.9448689757352635	0.05513102426473645	0.01378275606618412	748
0.8118101237327838	0.1881898762672162	0.0	0.0	-0.20295253093319596	749
0.0	0.008847466332019042	0.12764922682349428	0.8635033068444866	0.21587582671112165	750
4.26979093518721e-16	0.22450528436854011	0.5852489806198924	0.19024573501156708	0.04756143375289165	751
0.0	0.07771072137639153	0.7949245360133003	0.12736474261030822	0.03184118565257707	752
0.0	0.0	0.9999999999999998	3.2061889689335785e-16	5.551115123125783e-17	753
0.0	0.0	0.7398247709183989	0.26017522908160107	0.06504380727040027	754
0.9723754228028917	0.027624577197108334	0.0	0.0	-0.24309385570072292	755
0.0	0.0	0.9999999999999999	1.988423175168308e-16	2.7755575615628914e-17	756
0.0	0.0	0.22851207682832647	0.7714879231716736	0.1928719807929184	757
0.9387391848771687	0.061260815122831366	0.0	0.0	-0.23468479621929217	758
0.0	0.0	0.12599897470959448	0.8740010252904056	0.2185002563226014	759
0.0	0.0	0.7833965395974011	0.21660346040259898	0.05415086510064973	760
0.30185582328267413	0.6981441767173259	0.0	0.0	-0.07546395582066853	761
0.844542192034445	0.1554578079655549	0.0	0.0	-0.21113554800861126	762
0.0	0.0	0.04332206654312461	0.9566779334568754	0.23916948336421884	763
0.8624476756590163	0.13755232434098366	0.0	0.0	-0.21561191891475406	764
0.2699691478277617	0.7300308521722383	0.0	0.0	-0.06749228695694043	765
0.0	0.0	0.7966764778380608	0.20332352216193902	0.05083088054048476	766
0.0	0.0	0.12121358105828915	0.8787864189417108	0.2196966047354277	767
0.2713091170789464	0.7286908829210536	0.0	0.0	-0.0678272792697366	768
0.7649440210532289	3.394470995715744e-16	0.20330946086007112	0.03174651808669976	-0.1832993757416323	769
0.7979241501537495	0.20207584984625052	0.0	0.0	-0.19948103753843738	770
0.0	1.0	0.0	0.0	0.0	771
0.0	0.0	0.14264952833135106	0.857350471668649	0.21433761791716224	772
0.9497445593475867	0.05025544065241318	0.0	0.0	-0.23743613983689668	773
0.0	0.048587643581500445	0.2537158048443088	0.6976965515741907	0.1744241378935477	774
0.21067456591160716	0.789325434088393	0.0	0.0	-0.05266864147790179	775
0.0	0.0	0.9166800275931088	0.0833199724068911	0.020829993101722788	776
0.4480116705730128	0.5519883294269872	0.0	0.0	-0.1120029176432532	777
0.0	0.0	0.4700640312238718	0.5299359687761281	0.13248399219403206	778
0.0	0.0	0.7155325685207906	0.2844674314792094	0.07111685786980235	779
0.09612741969177545	0.9038725803082246	0.0	0.0	-0.02403185492294385	780
0.0	0.0	0.0381775579439195	0.9618224420560806	0.24045561051402012	781
0.18300016613573958	0.8169998338642604	0.0	0.0	-0.04575004153393489	782
0.9499191834478903	0.050080816552109796	0.0	0.0	-0.23747979586197257	783
0.8519506032574455	0.1480493967425545	0.0	0.0	-0.21298765081436138	784
0.0	0.0	0.9582825084367479	0.041717491563252024	0.010429372890812999	785
0.0	0.0	0.8746837475573999	0.12531625244260008	0.031329063110650035	786
0.0	0.0	0.4060931542042101	0.5939068457957899	0.14847671144894747	787
0.40396084784046543	0.5960391521595345	0.0	0.0	-0.10099021196011636	788
0.9999999999999997	4.0023738616761334e-16	0.0	0.0	-0.24999999999999992	789
0.0	0.0	0.9999999999999997	3.9265415820835264e-16	8.326672684688674e-17	790
0.5021585284266553	0.4978414715733447	0.0	0.0	-0.12553963210666383	791
0.6355999209341633	0.36440007906583666	0.0	0.0	-0.15889998023354082	792
0.8351008858950989	0.16489911410490102	0.0	0.0	-0.20877522147377472	793
0.7925293551074131	0.20747064489258701	0.0	0.0	-0.19813233877685327	794
0.0	0.0	0.3386487545978213	0.6613512454021788	0.16533781135054468	795
0.7732805197321615	0.22671948026783847	0.0	0.0	-0.19332012993304037	796
0.7338552474614979	0.26614475253850217	0.0	0.0	-0.18346381186537447	797
0.0	0.0	0.9779234068094099	0.022076593190590077	0.005519148297647519	798
0.4033309673296044	0.5966690326703956	0.0	0.0	-0.1008327418324011	799
0.922140236364695	0.07785976363530495	0.0	0.0	-0.23053505909117372	800
0.29157706315734383	0.7084229368426561	0.0	0.0	-0.07289426578933596	801
0.0	0.0	0.7598183824442566	0.24018161755574347	0.06004540438893585	802
0.6673830901832741	0.33261690981672587	0.0	0.0	-0.16684577254581853	803
0.3051337249350762	0.6571727775534667	0.0	0.037693497511456966	-0.0668600568559048	804
0.020745342447631543	0.6542294164440268	0.32502524110834163	0.0	-0.0051863356119079	805
0.9600706502889124	0.039929349711087574	0.0	0.0	-0.2400176625722281	806
0.0	0.0	0.4603418686207146	0.5396581313792853	0.13491453284482133	807
